100
79 0 20 
96 98 20 
20 33 52 
91 14 22 
82 29 42 
40 23 46 
10 90 8 
26 14 2 
1 69 17 
53 60 52 
6 92 44 
5 88 54 
97 60 7 
8 51 54 
29 33 55 
63 26 18 
20 36 60 
88 62 54 
61 16 16 
78 69 56 
29 75 48 
84 33 48 
37 30 28 
24 90 20 
77 20 53 
11 83 59 
20 55 27 
19 43 30 
33 5 26 
68 35 7 
15 16 15 
3 0 8 
30 37 50 
18 13 20 
9 90 60 
81 53 15 
32 73 51 
70 93 46 
71 78 3 
88 98 58 
75 13 14 
41 68 26 
88 99 36 
17 69 49 
88 78 60 
28 11 45 
54 95 39 
36 66 24 
62 37 2 
96 26 40 
66 53 5 
51 94 14 
37 34 45 
12 3 14 
0 91 44 
31 71 7 
68 78 23 
26 14 41 
29 28 30 
62 25 16 
93 91 49 
37 42 15 
2 31 49 
66 43 12 
51 96 44 
14 79 7 
93 47 45 
67 25 20 
7 54 20 
36 68 5 
44 13 8 
4 3 43 
59 5 14 
47 72 10 
91 23 18 
26 90 37 
32 83 45 
69 2 10 
20 61 17 
99 97 57 
56 93 51 
3 98 54 
97 9 19 
71 8 43 
92 99 27 
9 77 49 
5 62 4 
1 31 26 
23 51 27 
51 50 36 
47 6 10 
9 62 40 
22 59 29 
93 82 17 
35 74 9 
53 83 46 
61 41 8 
4 42 59 
1 17 22 
59 68 45 
15 16 11 
16 77 25 
15 0 25 
75 45 7 
43 32 34 
11 86 9 
9 99 30 
68 56 5 
59 9 2 
0 69 23 
44 84 19 
47 52 16 
11 19 8 
35 94 5 
94 89 58 
27 53 56 
95 62 47 
57 30 35 
61 89 45 
34 42 34 
76 86 30 
86 33 42 
74 45 41 
13 32 47 
98 78 8 
67 57 1 
22 53 3 
28 62 6 
95 75 7 
19 9 29 
64 38 56 
93 24 21 
26 50 18 
78 64 3 
76 62 41 
63 29 39 
56 3 4 
10 83 26 
95 78 41 
74 49 42 
42 13 60 
49 58 37 
42 36 39 
79 14 23 
1 42 37 
54 58 18 
12 14 21 
75 24 17 
52 20 55 
4 94 37 
17 88 10 
69 38 41 
97 80 57 
75 11 24 
18 65 38 
26 19 56 
64 31 10 
56 58 15 
32 62 7 
39 18 53 
95 35 1 
16 4 11 
96 1 51 
65 29 55 
0 47 40 
77 73 39 
13 89 22 
62 46 60 
88 30 34 
34 69 52 
26 64 27 
7 81 4 
29 28 25 
80 94 54 
46 94 53 
25 24 59 
23 37 20 
4 51 26 
95 40 17 
48 26 38 
19 53 23 
77 12 16 
40 41 57 
57 73 24 
50 71 58 
95 96 54 
65 71 31 
24 75 35 
82 22 35 
18 70 13 
27 41 38 
1 19 50 
56 59 44 
45 16 9 
28 19 1 
57 66 49 
11 31 21 
53 55 48 
47 37 11 
33 7 53 
46 35 55 
63 36 26 
45 44 45 
20 90 54 
20 18 45 
92 75 11 
61 38 2 
1 92 37 
68 39 7 
10 73 54 
23 19 21 
29 34 58 
54 79 35 
90 51 25 
95 72 35 
19 64 2 
9 77 41 
30 29 53 
59 99 12 
77 61 57 
50 84 28 
11 65 23 
60 19 14 
54 62 46 
90 57 50 
44 77 34 
25 86 24 
45 69 54 
9 80 45 
61 57 7 
37 59 43 
37 22 29 
19 34 40 
84 40 2 
1 30 20 
90 26 9 
96 52 47 
79 49 8 
92 59 48 
57 72 37 
35 61 29 
97 98 51 
77 69 18 
29 54 38 
90 55 9 
61 46 15 
61 94 59 
48 73 1 
55 17 12 
95 74 44 
91 9 25 
99 59 36 
82 88 45 
99 17 59 
56 60 55 
96 21 13 
63 83 27 
33 83 52 
53 38 29 
36 33 56 
39 77 17 
56 76 16 
71 10 5 
55 9 14 
94 18 54 
40 66 8 
84 29 3 
22 15 26 
33 20 24 
13 57 30 
68 96 27 
85 52 35 
60 75 46 
76 31 7 
62 77 17 
55 69 24 
22 5 25 
24 27 20 
61 12 53 
37 25 30 
46 94 46 
84 79 51 
98 91 18 
75 20 9 
14 82 58 
22 89 39 
97 12 24 
54 88 31 
25 2 35 
17 39 21 
66 37 27 
64 21 18 
66 71 1 
43 99 41 
4 65 15 
93 87 45 
52 37 9 
15 91 29 
58 16 11 
12 34 30 
44 52 39 
22 16 20 
79 34 44 
80 78 43 
52 34 8 
7 27 7 
51 79 4 
11 47 15 
59 57 44 
62 69 38 
3 66 10 
82 88 59 
81 20 53 
56 0 3 
78 52 37 
17 11 17 
96 62 48 
11 25 27 
66 85 44 
41 99 6 
98 2 52 
59 84 12 
89 18 32 
2 74 44 
96 53 37 
73 22 8 
81 70 3 
68 82 28 
55 0 45 
98 41 4 
15 91 47 
46 50 23 
70 40 21 
61 94 16 
57 90 41 
53 15 35 
12 96 6 
86 17 8 
86 24 48 
22 21 49 
6 90 40 
44 88 22 
66 58 54 
7 72 8 
74 29 51 
94 34 46 
88 46 55 
53 33 12 
0 71 56 
99 93 50 
39 51 60 
18 95 9 
52 14 19 
25 73 11 
45 47 12 
7 93 6 
84 81 45 
58 87 10 
1 39 41 
68 39 54 
10 78 46 
41 49 53 
61 1 39 
40 78 32 
42 75 31 
74 82 24 
91 67 38 
55 25 25 
56 79 44 
28 47 15 
42 57 54 
59 99 55 
23 60 56 
2 52 26 
5 95 42 
56 21 16 
51 12 3 
28 20 41 
92 28 20 
48 57 39 
42 99 29 
15 10 48 
89 33 20 
16 87 33 
74 93 20 
7 49 1 
22 0 25 
5 29 25 
17 73 54 
8 21 23 
46 64 54 
94 31 4 
93 73 29 
53 41 57 
17 67 50 
76 74 31 
8 97 31 
52 54 12 
69 71 58 
14 79 31 
16 77 7 
69 24 39 
84 17 44 
32 22 17 
20 91 45 
49 67 39 
79 27 16 
62 32 22 
25 1 53 
62 67 44 
73 35 42 
51 56 6 
61 40 35 
44 24 38 
73 45 29 
17 94 29 
87 26 28 
3 40 60 
76 65 13 
69 80 52 
44 5 27 
45 56 43 
22 18 35 
69 14 40 
38 87 37 
46 4 23 
26 92 29 
86 47 1 
25 23 27 
70 44 27 
81 89 32 
80 86 40 
82 61 38 
29 30 53 
0 68 40 
16 66 37 
78 45 21 
19 31 60 
99 8 55 
45 78 60 
23 60 41 
6 92 47 
46 26 8 
3 55 18 
27 55 38 
39 23 45 
7 2 50 
67 73 21 
78 72 1 
12 70 20 
91 93 52 
63 52 4 
70 98 30 
89 53 38 
39 33 5 
56 72 29 
40 79 11 
21 98 24 
33 28 8 
54 40 58 
5 84 4 
16 47 56 
71 69 6 
52 59 19 
89 98 12 
34 54 16 
2 47 7 
24 68 57 
19 54 45 
86 60 26 
76 65 42 
59 81 21 
46 4 11 
31 56 10 
69 46 28 
93 32 34 
40 34 21 
67 10 22 
43 29 56 
0 67 56 
97 43 41 
78 54 54 
58 0 30 
8 31 6 
17 53 4 
76 98 36 
90 38 2 
50 57 32 
83 1 13 
18 1 13 
65 50 28 
77 28 3 
22 38 35 
71 47 19 
77 16 32 
80 45 2 
68 35 20 
89 37 18 
73 21 51 
85 91 44 
69 57 14 
97 86 54 
79 9 12 
65 32 19 
83 61 8 
6 94 13 
27 62 8 
39 51 57 
8 76 18 
78 62 50 
53 83 19 
26 80 17 
79 11 38 
70 77 51 
61 60 44 
20 67 38 
72 46 60 
11 85 44 
87 93 12 
37 23 46 
78 76 30 
28 2 50 
64 33 42 
14 56 39 
96 69 51 
39 89 50 
77 13 37 
28 24 22 
83 63 8 
15 52 51 
60 30 60 
41 58 2 
51 75 28 
72 89 36 
22 37 45 
32 76 46 
14 5 59 
90 86 15 
3 69 38 
62 36 3 
93 49 33 
52 90 4 
65 93 51 
64 17 32 
19 39 49 
95 24 25 
60 38 43 
38 80 49 
92 35 10 
62 98 7 
84 43 8 
88 47 50 
3 64 56 
93 29 13 
76 0 13 
44 96 29 
41 56 59 
43 47 11 
31 91 26 
40 53 44 
38 89 39 
37 30 26 
79 85 51 
14 31 12 
66 7 4 
10 4 20 
30 45 29 
88 40 36 
30 71 39 
56 63 25 
31 54 54 
2 43 16 
67 22 42 
49 36 53 
12 55 12 
76 17 36 
35 48 13 
55 88 53 
22 19 16 
81 27 40 
45 58 46 
50 60 49 
38 80 24 
59 81 32 
63 94 27 
26 70 5 
42 57 45 
54 65 33 
59 87 24 
34 68 51 
25 65 22 
70 16 34 
11 54 46 
26 65 48 
77 80 34 
36 6 16 
12 0 13 
36 7 30 
0 66 58 
84 0 58 
94 78 4 
67 0 52 
1 11 38 
66 37 3 
65 15 35 
58 3 33 
73 15 34 
98 51 41 
87 51 39 
16 35 59 
14 82 57 
29 1 18 
12 2 41 
49 21 31 
3 38 18 
37 97 21 
29 22 36 
74 20 39 
26 60 10 
44 76 18 
15 42 52 
63 23 13 
12 35 48 
73 36 29 
75 39 39 
92 28 16 
64 10 11 
99 36 51 
37 63 23 
78 7 60 
55 22 14 
18 86 18 
31 98 53 
98 23 30 
38 98 1 
16 42 2 
44 6 12 
94 57 48 
16 94 23 
99 73 51 
10 80 45 
63 99 11 
92 82 2 
5 80 57 
6 70 28 
98 86 42 
19 82 9 
2 76 6 
22 45 13 
4 44 38 
94 6 30 
59 21 41 
61 14 23 
14 71 15 
43 29 45 
22 27 24 
43 99 26 
71 1 55 
9 75 40 
93 80 56 
50 26 34 
91 37 55 
32 99 1 
54 65 52 
9 60 41 
85 82 21 
48 26 52 
46 49 25 
72 10 41 
91 3 1 
58 5 7 
31 97 37 
77 29 48 
38 35 33 
69 96 26 
82 81 8 
74 82 14 
65 80 36 
9 52 26 
29 43 42 
81 53 59 
60 84 56 
76 62 57 
43 52 25 
27 21 41 
72 55 15 
0 29 30 
5 94 50 
12 4 3 
30 85 38 
51 67 32 
29 79 8 
57 55 22 
65 50 14 
61 77 36 
2 1 43 
28 54 13 
37 59 47 
27 24 43 
21 54 41 
58 57 40 
1 38 39 
29 47 6 
70 13 56 
64 26 25 
31 80 7 
5 9 1 
57 98 13 
56 25 17 
10 46 23 
50 57 20 
9 58 58 
47 87 6 
44 10 31 
39 26 37 
64 9 50 
90 14 39 
23 72 17 
15 80 35 
83 90 33 
5 41 50 
84 2 41 
53 50 20 
70 94 10 
0 86 8 
9 2 57 
98 92 12 
48 67 56 
96 82 48 
70 17 38 
43 22 51 
24 6 14 
16 12 16 
96 82 2 
85 35 28 
53 96 50 
81 46 15 
24 94 42 
91 90 17 
38 13 14 
76 56 49 
6 32 27 
91 49 59 
26 97 22 
8 82 57 
27 87 5 
97 69 51 
63 45 45 
96 37 47 
64 75 40 
50 3 48 
58 62 53 
24 53 42 
3 80 19 
16 40 53 
64 67 33 
8 16 14 
98 31 59 
82 28 36 
60 92 52 
0 42 15 
47 52 37 
79 77 3 
12 80 3 
42 96 15 
7 60 22 
59 68 51 
32 18 2 
50 0 30 
58 60 15 
89 12 29 
75 60 2 
24 91 19 
78 56 11 
12 98 59 
86 5 31 
79 16 51 
89 0 49 
31 51 1 
52 61 13 
18 2 6 
27 77 18 
40 53 41 
30 31 57 
0 43 8 
70 81 5 
52 61 22 
2 50 2 
22 33 5 
94 38 58 
26 56 40 
23 83 10 
32 75 3 
33 5 7 
41 57 22 
0 27 4 
65 31 17 
98 33 59 
31 7 13 
68 1 11 
65 80 7 
65 3 23 
94 36 58 
28 21 56 
46 14 33 
8 15 33 
3 32 24 
11 30 50 
69 61 37 
13 81 39 
95 47 51 
34 64 34 
56 58 42 
5 38 55 
60 85 10 
73 45 17 
65 0 29 
40 11 59 
49 32 32 
66 46 14 
36 41 53 
86 75 17 
91 83 27 
85 89 17 
99 1 54 
80 74 31 
76 91 11 
56 84 54 
14 33 39 
38 51 45 
43 87 58 
47 25 26 
15 69 29 
93 54 50 
9 53 32 
63 34 58 
65 62 42 
68 19 6 
81 85 51 
31 75 43 
75 70 2 
65 17 48 
82 32 9 
30 25 3 
72 87 16 
15 2 42 
84 67 37 
97 35 36 
94 69 13 
25 0 9 
7 28 19 
28 93 29 
27 75 1 
95 57 59 
17 81 46 
45 96 8 
58 33 35 
34 30 3 
81 25 32 
14 2 32 
74 9 40 
4 89 45 
52 69 20 
85 16 30 
43 86 11 
40 83 40 
39 41 53 
5 76 15 
7 9 60 
78 23 42 
2 49 3 
1 54 5 
46 58 34 
17 95 22 
46 90 48 
57 30 51 
68 21 13 
60 27 21 
34 33 50 
86 65 46 
39 67 7 
54 68 13 
58 66 32 
83 84 47 
76 82 58 
4 91 40 
66 59 2 
70 19 29 
2 6 55 
92 44 52 
9 35 59 
75 89 40 
0 99 46 
31 34 22 
9 11 5 
78 15 56 
78 33 28 
51 4 39 
51 58 45 
37 2 21 
89 11 17 
7 39 26 
98 39 46 
56 22 40 
97 31 31 
73 62 58 
41 92 44 
68 43 60 
66 46 58 
23 83 21 
23 72 44 
59 32 23 
37 30 14 
14 86 56 
73 36 60 
96 61 14 
85 2 26 
60 22 21 
39 41 27 
77 64 22 
17 39 7 
20 99 39 
15 88 21 
48 2 60 
56 75 56 
47 23 49 
0 61 44 
97 21 6 
37 61 27 
75 90 23 
96 59 23 
42 79 34 
72 46 22 
33 47 24 
32 55 11 
19 2 15 
67 2 8 
70 99 41 
96 88 2 
14 63 44 
97 11 23 
71 6 35 
44 30 41 
5 63 40 
68 47 35 
10 66 17 
76 34 51 
3 56 42 
4 3 10 
17 19 25 
21 68 49 
83 39 27 
77 35 57 
70 40 33 
9 60 20 
56 70 7 
52 47 33 
3 2 21 
56 58 46 
46 76 5 
2 49 25 
70 32 24 
96 62 19 
5 84 31 
77 45 23 
48 1 5 
86 54 52 
10 9 27 
91 65 45 
76 63 33 
32 66 42 
56 88 27 
71 37 21 
21 42 5 
63 71 2 
65 71 4 
89 58 10 
13 68 11 
39 59 48 
75 35 12 
88 19 30 
1 75 38 
99 98 47 
59 19 9 
55 82 52 
97 99 24 
92 89 42 
41 54 2 
3 45 2 
30 20 9 
21 60 29 
82 14 16 
32 13 55 
18 73 26 
99 80 21 
50 77 60 
25 69 21 
58 62 7 
60 65 52 
73 96 5 
73 69 25 
93 4 11 
89 36 5 
35 54 10 
52 53 30 
52 56 8 
4 33 49 
96 92 44 
43 4 9 
34 29 37 
98 2 19 
75 48 43 
65 89 19 
21 24 45 
50 76 11 
60 81 19 
99 85 32 
59 33 24 
82 76 40 
71 63 29 
59 13 44 
17 40 52 
79 6 1 
29 79 57 
34 30 13 
96 42 46 
14 41 43 
65 0 17 
61 83 25 
60 6 8 
41 65 14 
24 35 14 
7 66 12 
27 96 12 
23 82 22 
47 78 4 
53 44 17 
47 9 57 
23 22 32 
80 35 18 
99 76 36 
32 52 43 
6 59 29 
37 38 57 
48 61 59 
41 60 29 
76 65 53 
52 13 35 
81 88 57 
92 68 32 
62 68 40 
49 0 12 
71 58 51 
59 48 29 
48 47 2 
66 90 35 
67 18 60 
11 71 45 
17 52 14 
46 44 34 
9 58 54 
49 7 27 
40 78 25 
43 90 53 
83 38 2 
37 56 4 
51 23 2 
82 87 5 
79 56 17 
64 2 54 
17 12 12 
43 61 32 
69 53 50 
53 48 20 
38 84 50 
71 21 27 
94 24 22 
87 58 21 
52 37 58 
20 53 60 
85 71 44 
9 14 57 
40 35 51 
49 88 51 
1 78 35 
42 49 56 
88 95 12 
10 35 31 
22 87 20 
39 59 54 
11 45 37 
94 54 23 
91 94 38 
93 95 38 
43 48 17 
78 91 26 
85 31 54 
69 93 49 
11 16 8 
90 55 59 
75 18 24 
83 13 10 
5 56 4 
62 1 32 
60 44 52 
88 74 55 
65 12 7 
38 81 32 
98 44 48 
97 86 36 
56 62 54 
11 45 19 
21 51 55 
76 65 16 
79 77 13 
31 65 19 
25 83 31 
3 21 44 
75 72 28 
62 69 55 
9 77 49 
23 89 46 
1 10 9 
88 38 35 
75 18 24 
7 49 2 
66 26 45 
88 82 18 
44 57 22 
43 71 12 
29 81 21 
77 56 30 
23 9 32 
23 97 31 
89 25 49 
33 32 10 
46 50 28 
90 91 50 
59 35 39 
1 78 51 
64 8 44 
4 37 12 
86 12 41 
77 36 51 
59 25 56 
59 10 8 
60 56 31 
88 98 42 
49 58 17 
68 11 27 
58 75 7 
33 79 57 
64 17 49 
4 47 37 
46 6 55 
61 18 5 
61 78 54 
11 18 12 
4 68 2 
80 36 53 
38 46 48 
57 31 60 
13 47 57 
33 3 4 
90 50 43 
76 11 41 
72 71 51 
25 35 42 
77 39 10 
90 71 38 
63 10 56 
62 67 39 
41 32 6 
90 65 49 
33 7 39 
87 35 23 
59 8 15 
62 33 23 
83 62 42 
24 53 14 
53 16 16 
28 78 55 
86 72 7 
43 62 24 
51 47 24 
62 35 59 
84 46 7 
78 8 41 
12 91 35 
34 67 8 
27 20 56 
34 0 47 
8 86 39 
66 81 13 
89 33 40 
72 95 27 
43 79 14 
69 9 34 
81 22 18 
56 8 25 
35 34 26 
31 21 6 
9 29 5 
7 95 26 
71 36 51 
30 9 6 
29 52 17 
74 73 39 
27 7 33 
24 63 41 
41 50 8 
26 33 9 
63 42 38 
39 1 33 
97 72 1 
87 55 50 
25 84 34 
93 58 20 
71 37 47 
23 62 22 
83 55 12 
30 33 6 
50 96 40 
47 88 42 
91 85 14 
72 71 41 
13 49 45 
59 43 23 
78 14 1 
56 90 55 
97 25 30 
88 56 3 
65 58 31 
85 6 59 
6 49 36 
51 21 29 
52 87 10 
36 46 13 
31 76 8 
63 32 10 
9 29 15 
10 69 23 
44 35 42 
74 20 48 
45 78 49 
0 29 3 
80 33 10 
10 22 36 
34 5 32 
73 20 44 
2 29 25 
57 91 54 
19 35 9 
92 61 41 
19 6 19 
0 59 1 
2 91 26 
91 1 28 
78 88 13 
41 61 25 
36 64 14 
60 21 37 
53 92 52 
34 85 14 
34 56 32 
65 56 31 
77 10 23 
22 1 16 
90 79 24 
14 20 46 
59 8 22 
84 68 35 
1 74 47 
4 8 24 
17 94 21 
89 59 9 
71 36 60 
45 59 53 
21 1 25 
36 67 57 
13 78 6 
54 63 14 
68 16 8 
27 72 48 
70 42 3 
22 31 54 
83 54 23 
2 0 54 
26 73 47 
30 61 14 
7 75 33 
92 81 48 
97 50 36 
77 29 48 
16 99 30 
50 22 13 
44 57 20 
78 11 12 
23 37 5 
69 68 58 
82 27 45 
26 71 47 
85 68 29 
60 97 38 
60 14 29 
1 64 23 
74 60 20 
5 90 11 
36 13 49 
92 82 29 
9 17 16 
54 95 59 
32 81 59 
60 93 17 
69 53 23 
77 55 27 
60 81 60 
99 86 30 
2 22 44 
90 14 18 
50 75 35 
37 29 43 
95 13 44 
73 72 57 
1 42 3 
43 72 30 
2 84 31 
73 83 9 
82 85 43 
57 27 9 
15 77 24 
41 14 6 
63 61 59 
66 87 25 
15 88 59 
17 84 11 
78 38 15 
20 11 31 
48 45 8 
2 3 48 
22 18 57 
65 59 52 
42 75 5 
33 41 52 
97 8 13 
55 77 29 
38 55 59 
52 75 50 
54 75 7 
42 29 50 
61 51 60 
57 69 12 
20 11 7 
45 44 20 
8 93 41 
60 1 18 
0 39 26 
78 43 33 
19 50 41 
6 92 30 
47 5 54 
59 62 23 
30 83 46 
28 27 3 
19 88 36 
19 1 17 
49 1 8 
34 32 24 
46 51 34 
38 9 38 
8 9 23 
33 68 45 
75 98 28 
80 78 28 
82 97 37 
30 17 50 
78 66 51 
18 52 15 
1 50 7 
34 89 8 
11 49 17 
93 82 25 
37 57 35 
17 89 53 
76 24 23 
24 6 52 
73 84 38 
76 2 42 
10 3 52 
96 89 41 
96 0 30 
52 45 4 
29 83 53 
55 52 43 
60 28 19 
62 53 25 
33 78 1 
22 54 16 
63 65 31 
54 13 21 
87 9 13 
68 14 39 
32 95 14 
4 50 26 
18 62 26 
56 24 51 
52 9 30 
33 31 4 
20 46 49 
10 53 43 
90 40 44 
23 60 10 
1 44 25 
14 49 48 
31 19 10 
76 28 47 
27 80 36 
8 65 8 
91 85 46 
92 96 39 
6 38 11 
29 13 52 
19 66 36 
55 80 17 
94 63 37 
44 40 45 
22 19 57 
57 27 23 
76 70 60 
42 62 28 
12 68 7 
23 98 60 
94 69 39 
61 76 39 
78 23 55 
66 19 7 
82 41 6 
78 98 5 
92 27 15 
92 69 18 
91 81 38 
77 56 8 
29 50 49 
47 64 6 
97 94 21 
11 60 60 
17 94 41 
94 24 51 
50 17 38 
25 61 47 
14 52 41 
23 82 37 
31 11 20 
59 10 24 
16 7 50 
96 71 22 
95 40 36 
87 86 20 
78 37 49 
95 14 10 
34 80 35 
6 4 17 
82 87 60 
13 46 30 
8 15 9 
97 63 52 
98 59 53 
93 98 52 
65 76 9 
53 72 36 
55 58 36 
9 64 32 
45 98 39 
96 12 38 
5 20 33 
25 70 36 
17 68 47 
1 14 46 
72 31 14 
32 84 6 
59 39 36 
67 0 40 
78 45 39 
29 93 43 
26 98 23 
90 76 5 
17 93 34 
4 46 60 
41 70 51 
54 53 47 
92 14 7 
39 81 59 
99 11 57 
9 40 50 
31 18 1 
25 8 37 
90 26 22 
75 82 8 
26 75 38 
56 81 52 
74 73 18 
32 13 39 
91 64 11 
47 25 23 
96 8 2 
96 33 30 
72 75 8 
93 2 42 
12 80 49 
1 88 51 
45 63 36 
2 95 41 
93 86 45 
43 33 10 
85 30 38 
98 78 24 
20 51 31 
19 96 26 
1 61 6 
9 62 15 
51 7 38 
67 10 5 
47 3 52 
44 98 37 
65 35 19 
95 34 58 
58 6 1 
0 25 49 
97 78 30 
23 40 33 
89 91 40 
18 58 2 
42 58 17 
53 2 35 
2 67 3 
80 62 49 
37 72 15 
49 73 20 
58 22 39 
27 45 51 
59 86 2 
51 4 33 
52 47 11 
61 52 33 
67 54 32 
9 35 55 
37 24 47 
71 74 32 
83 32 35 
73 11 52 
3 71 31 
76 74 15 
8 78 54 
50 39 19 
94 7 13 
6 16 40 
80 6 37 
78 29 11 
2 12 55 
48 37 26 
91 92 9 
21 69 43 
8 29 2 
41 80 13 
79 74 52 
24 32 9 
55 64 27 
11 43 16 
41 97 41 
7 45 18 
33 88 51 
33 10 12 
56 18 1 
9 59 13 
53 91 20 
5 15 52 
25 70 37 
51 34 12 
6 75 1 
78 35 46 
36 20 46 
38 53 56 
9 61 6 
61 22 26 
94 76 49 
53 33 36 
96 58 18 
52 61 32 
55 19 20 
55 98 35 
52 86 35 
38 24 20 
33 85 42 
99 46 16 
76 92 32 
96 97 57 
31 94 47 
88 46 28 
80 54 8 
99 9 26 
5 62 32 
31 52 8 
10 85 25 
51 36 31 
67 64 16 
10 60 13 
39 43 7 
25 32 26 
73 64 20 
40 15 41 
57 20 23 
60 51 47 
39 61 13 
3 65 21 
65 84 38 
20 46 58 
25 85 42 
71 63 6 
68 36 50 
19 28 57 
80 37 17 
54 97 60 
81 36 33 
45 39 38 
97 4 14 
14 77 53 
92 2 30 
65 25 53 
22 94 29 
91 65 9 
79 45 26 
35 52 43 
46 33 51 
18 30 22 
8 27 47 
81 42 56 
53 86 18 
15 3 43 
87 25 29 
48 68 55 
36 47 40 
62 82 44 
36 80 9 
99 98 59 
0 6 19 
58 40 53 
93 45 39 
30 60 2 
93 48 59 
53 96 27 
27 32 14 
47 46 28 
22 35 8 
31 34 38 
69 34 45 
39 93 17 
51 86 22 
49 69 23 
2 14 3 
32 67 59 
78 95 3 
23 94 42 
2 16 37 
9 47 31 
19 69 45 
83 8 50 
39 60 49 
92 61 58 
54 16 44 
68 48 51 
26 79 6 
21 2 52 
14 5 9 
90 66 48 
0 85 57 
96 20 38 
38 11 50 
66 4 11 
15 10 19 
78 79 28 
60 57 47 
86 30 21 
9 44 46 
49 34 45 
37 86 2 
45 35 23 
14 25 46 
43 91 50 
86 58 33 
44 88 4 
3 48 21 
89 86 4 
82 96 8 
79 45 55 
43 82 53 
97 80 48 
19 94 13 
56 38 56 
98 24 46 
50 68 34 
33 72 3 
25 13 9 
48 47 45 
68 27 43 
74 22 57 
66 19 17 
46 90 4 
50 47 22 
46 45 58 
51 95 18 
97 80 42 
39 57 48 
67 58 55 
44 26 42 
66 0 37 
22 18 56 
11 64 47 
94 15 54 
67 13 59 
64 16 26 
33 13 26 
75 52 3 
82 72 13 
88 68 19 
70 86 51 
26 60 50 
53 71 46 
19 17 1 
32 84 6 
42 48 3 
47 82 16 
84 9 41 
79 43 25 
31 30 13 
62 53 39 
44 79 31 
93 85 23 
59 4 60 
91 89 37 
37 83 25 
51 83 19 
78 67 60 
58 98 23 
14 82 15 
86 44 8 
96 88 40 
67 34 45 
61 45 1 
72 88 30 
68 25 54 
65 28 29 
95 7 56 
35 65 47 
17 32 29 
83 18 5 
51 67 25 
50 86 11 
86 99 16 
26 71 25 
8 92 42 
73 57 11 
21 52 50 
88 39 35 
54 9 27 
54 92 38 
50 43 37 
35 45 55 
5 31 46 
73 10 9 
29 70 41 
10 43 30 
72 16 55 
41 4 54 
28 11 43 
46 65 36 
35 68 31 
43 3 17 
89 60 20 
34 85 42 
3 14 52 
63 77 27 
85 49 3 
59 43 28 
72 71 11 
47 69 48 
14 5 16 
24 0 51 
32 90 52 
72 24 9 
25 27 24 
49 43 1 
15 80 2 
98 39 25 
37 63 28 
87 10 30 
54 24 15 
90 49 47 
80 81 17 
83 5 14 
72 83 1 
27 32 56 
7 47 36 
40 97 47 
65 34 31 
64 21 21 
33 28 38 
59 18 7 
86 50 40 
54 86 38 
47 10 33 
20 37 25 
35 96 24 
83 36 42 
69 53 36 
71 18 10 
32 51 18 
69 63 16 
7 49 38 
78 3 24 
7 3 34 
19 23 23 
63 10 59 
7 93 8 
0 15 21 
75 38 59 
24 70 23 
53 91 38 
0 50 39 
98 29 34 
81 36 37 
27 8 40 
9 23 31 
40 82 36 
7 82 43 
79 58 22 
70 34 52 
12 40 36 
21 40 38 
79 38 47 
92 72 16 
9 51 36 
48 12 19 
50 52 42 
46 11 24 
8 91 54 
9 61 21 
33 25 1 
0 46 1 
17 25 52 
16 17 4 
3 78 47 
98 79 39 
16 29 24 
17 75 15 
53 36 18 
46 97 39 
78 30 16 
98 82 54 
11 0 19 
62 16 49 
37 71 59 
63 69 38 
53 85 8 
96 55 55 
51 8 51 
0 6 9 
11 85 31 
46 35 34 
80 98 46 
90 12 54 
70 49 5 
29 64 54 
66 18 31 
85 14 46 
80 17 46 
10 18 33 
90 29 10 
1 27 37 
46 7 56 
91 50 48 
56 20 10 
40 49 54 
93 68 32 
83 53 19 
81 33 36 
86 96 34 
98 38 35 
99 91 3 
36 37 42 
23 80 52 
70 36 13 
19 28 34 
85 21 42 
16 57 28 
14 90 53 
82 76 41 
67 27 60 
82 78 11 
76 14 41 
29 89 13 
81 60 50 
5 31 10 
30 68 24 
24 85 1 
71 51 23 
55 85 39 
36 53 58 
55 87 37 
17 15 11 
17 44 13 
50 77 53 
71 82 56 
20 65 25 
43 89 42 
75 12 5 
97 67 11 
48 55 16 
25 10 55 
81 80 10 
4 49 34 
16 51 52 
40 22 6 
47 95 43 
71 90 32 
84 66 36 
1 15 56 
3 63 11 
58 41 14 
52 22 14 
13 26 35 
18 94 47 
1 34 29 
67 82 36 
1 5 47 
25 42 45 
60 43 52 
67 46 56 
78 4 37 
3 8 31 
8 73 50 
62 91 44 
68 93 51 
49 12 13 
24 13 50 
42 38 32 
26 99 15 
78 66 1 
45 96 57 
53 99 57 
35 7 10 
44 22 2 
0 90 15 
90 91 47 
14 68 12 
43 10 11 
67 89 2 
81 19 40 
94 16 17 
62 21 48 
91 56 28 
40 1 50 
33 1 32 
19 43 56 
17 57 44 
29 52 26 
79 71 47 
32 5 46 
51 99 54 
19 13 55 
87 4 12 
66 97 33 
67 30 26 
10 2 49 
45 19 38 
0 48 42 
66 79 34 
72 11 19 
98 15 50 
91 34 3 
58 73 40 
29 91 57 
53 58 39 
78 69 1 
98 66 33 
27 67 41 
8 33 13 
13 5 16 
71 55 31 
32 99 58 
55 57 23 
86 85 15 
14 91 13 
72 69 34 
85 19 21 
17 98 8 
49 58 21 
61 72 38 
37 95 46 
79 28 45 
8 35 14 
11 21 32 
57 35 3 
9 59 4 
35 44 23 
75 61 13 
82 63 31 
74 24 43 
71 13 51 
76 45 59 
32 53 54 
45 16 7 
48 73 34 
90 35 53 
53 70 50 
87 45 3 
19 79 6 
10 53 11 
24 76 16 
34 5 1 
24 89 7 
49 87 3 
95 35 57 
28 26 52 
73 31 22 
62 19 39 
64 38 58 
30 0 23 
72 25 39 
27 11 16 
28 36 6 
34 85 13 
8 81 60 
4 61 46 
87 34 18 
88 48 49 
38 13 47 
15 95 28 
97 67 25 
8 94 36 
23 74 52 
80 60 58 
24 69 51 
4 73 4 
61 13 31 
50 53 59 
58 92 32 
5 7 7 
4 57 46 
28 65 1 
15 40 27 
87 21 28 
96 97 57 
38 53 42 
41 15 35 
83 65 49 
22 24 1 
25 81 60 
24 37 17 
89 17 22 
1 32 23 
88 71 16 
35 19 5 
3 57 59 
44 51 34 
99 34 51 
59 8 47 
59 34 8 
18 58 5 
87 99 2 
68 1 27 
42 41 10 
37 28 10 
82 31 59 
32 75 50 
45 26 57 
27 85 25 
34 96 31 
73 67 21 
98 54 41 
91 74 14 
69 17 27 
19 54 55 
88 87 26 
66 20 41 
48 17 60 
16 45 17 
92 31 34 
3 4 33 
23 54 39 
95 98 13 
68 67 30 
86 38 37 
80 78 37 
5 97 38 
58 45 47 
37 13 4 
53 5 15 
18 8 20 
2 84 6 
40 79 44 
53 0 24 
34 86 22 
70 67 41 
47 24 18 
96 82 55 
14 71 28 
78 77 13 
24 95 34 
75 98 58 
81 90 57 
84 43 29 
7 78 8 
69 0 55 
61 99 51 
98 95 54 
32 62 37 
79 40 34 
83 64 10 
96 40 40 
45 73 42 
74 57 46 
2 17 56 
69 38 48 
55 99 8 
66 97 15 
11 29 57 
27 60 9 
21 95 6 
62 92 58 
53 37 51 
34 11 28 
11 66 57 
18 87 55 
26 43 54 
85 61 11 
39 72 32 
8 99 24 
16 72 60 
41 34 44 
58 39 33 
48 74 17 
48 37 23 
64 56 50 
19 34 25 
72 19 6 
75 10 38 
58 18 30 
2 35 22 
93 76 9 
76 87 28 
48 87 2 
84 35 12 
38 52 8 
28 23 14 
12 47 53 
10 22 3 
27 81 42 
48 35 49 
90 28 37 
18 56 4 
37 4 52 
31 41 19 
62 79 31 
49 59 14 
22 24 22 
66 34 56 
20 13 29 
41 62 24 
1 4 24 
38 22 20 
61 11 37 
24 42 38 
23 4 29 
25 53 1 
99 27 37 
72 45 31 
67 66 56 
48 59 38 
11 61 42 
55 99 16 
54 12 48 
10 37 10 
59 60 35 
40 37 60 
32 36 40 
48 60 25 
50 80 3 
65 28 23 
95 39 4 
28 46 35 
84 53 7 
3 15 16 
64 27 36 
30 67 6 
2 99 22 
1 99 15 
97 49 55 
60 14 43 
34 61 54 
17 90 53 
51 26 6 
49 29 53 
85 93 60 
32 24 39 
17 78 50 
91 79 9 
25 28 58 
91 40 5 
33 74 6 
18 43 28 
2 46 34 
39 48 55 
92 33 49 
23 17 25 
22 35 35 
23 78 14 
72 3 14 
21 94 47 
85 79 13 
63 49 29 
30 52 15 
76 43 23 
50 35 8 
70 11 6 
66 33 13 
40 56 51 
45 80 6 
31 2 52 
57 39 51 
9 54 32 
57 37 56 
4 13 60 
98 63 27 
26 86 18 
23 52 3 
7 45 40 
17 90 52 
82 21 54 
45 78 26 
35 40 40 
78 49 57 
74 53 50 
65 4 6 
91 82 24 
29 5 8 
51 64 53 
82 81 44 
94 15 45 
59 60 36 
16 47 28 
76 77 57 
72 51 3 
34 68 7 
11 60 9 
26 89 6 
93 92 10 
6 75 3 
9 21 50 
85 32 30 
92 49 29 
39 77 26 
88 1 10 
90 87 38 
48 98 18 
88 24 19 
85 70 52 
46 76 19 
88 85 32 
97 22 24 
18 15 5 
38 54 22 
83 42 4 
84 83 43 
2 32 42 
31 72 58 
50 57 48 
13 3 56 
3 91 13 
14 40 16 
9 10 31 
54 48 17 
27 84 32 
2 68 8 
65 22 21 
78 54 53 
67 56 43 
27 21 6 
62 24 50 
35 90 50 
30 51 13 
92 57 41 
60 85 25 
23 39 26 
71 56 28 
3 34 34 
7 54 2 
69 81 43 
35 43 39 
44 78 21 
45 60 13 
57 4 10 
70 17 35 
66 40 7 
31 11 43 
71 66 50 
64 74 24 
18 43 5 
40 78 40 
91 74 31 
31 20 51 
23 29 48 
73 99 45 
59 66 57 
85 97 41 
20 19 7 
89 37 1 
64 55 5 
68 95 15 
67 86 30 
97 18 22 
40 93 11 
87 66 31 
3 78 29 
59 63 46 
79 35 19 
66 76 56 
78 40 31 
82 8 38 
69 28 57 
30 77 55 
11 17 20 
73 56 47 
35 11 25 
63 71 20 
41 2 8 
39 20 44 
74 99 25 
64 33 5 
53 54 33 
29 84 11 
75 47 40 
15 73 49 
73 8 20 
57 72 3 
8 13 38 
95 4 10 
59 78 49 
15 94 15 
79 47 41 
24 77 38 
46 52 25 
85 19 58 
85 92 47 
45 49 11 
79 10 56 
16 57 20 
26 16 10 
86 83 4 
32 63 23 
85 87 12 
22 33 25 
6 70 4 
16 56 57 
34 53 18 
24 32 20 
79 1 18 
90 79 46 
79 17 10 
62 2 25 
96 87 4 
8 9 9 
24 67 19 
7 83 7 
35 17 60 
65 41 45 
4 72 58 
53 62 49 
19 93 58 
20 7 40 
84 4 27 
87 12 48 
75 36 16 
85 95 31 
4 83 29 
75 48 2 
79 4 7 
88 10 1 
76 29 55 
34 1 42 
45 85 46 
44 24 10 
51 50 26 
78 88 22 
89 92 45 
69 68 45 
90 99 41 
88 87 43 
49 16 44 
3 2 45 
16 0 2 
82 44 46 
11 47 49 
29 26 38 
42 67 2 
38 36 2 
34 78 22 
34 67 42 
97 68 50 
40 23 45 
37 39 5 
18 73 9 
76 37 36 
84 66 34 
33 8 33 
27 46 1 
88 80 60 
49 66 19 
2 15 59 
72 8 2 
96 45 1 
20 15 35 
40 91 44 
7 28 10 
53 61 50 
65 40 28 
66 29 40 
97 30 6 
47 33 14 
65 5 54 
6 53 59 
38 25 14 
92 65 26 
35 72 14 
96 25 7 
17 43 8 
84 9 9 
83 58 39 
1 5 12 
34 70 29 
27 76 14 
17 14 39 
22 59 44 
19 46 49 
44 95 26 
31 12 9 
10 97 58 
70 32 36 
8 33 13 
32 19 3 
12 98 51 
46 15 38 
4 90 49 
28 9 15 
28 54 42 
53 37 15 
22 99 4 
51 69 56 
39 77 42 
31 61 41 
46 74 32 
36 20 19 
45 24 9 
13 4 11 
80 32 45 
41 38 34 
67 60 45 
42 63 34 
98 2 23 
91 86 25 
3 32 51 
14 20 11 
45 66 47 
13 79 24 
95 11 48 
79 5 26 
4 72 18 
28 15 22 
73 65 4 
96 8 22 
32 11 34 
42 78 15 
24 23 1 
82 88 32 
45 84 4 
93 15 9 
78 20 53 
76 0 20 
89 74 17 
4 22 25 
6 54 17 
39 48 15 
93 72 30 
65 54 18 
69 52 42 
84 45 10 
4 75 30 
96 3 2 
56 92 36 
84 97 10 
69 3 24 
65 94 44 
91 40 36 
92 5 23 
29 26 27 
3 10 52 
92 14 39 
53 11 23 
66 19 7 
54 3 4 
63 24 19 
27 41 34 
90 84 54 
78 76 11 
72 58 58 
18 13 8 
61 57 43 
79 10 26 
53 28 37 
20 82 32 
83 46 29 
2 25 50 
67 15 35 
20 45 11 
30 69 49 
67 87 2 
67 48 59 
81 80 1 
58 33 10 
54 53 44 
57 89 10 
85 91 35 
55 58 43 
61 30 60 
91 60 50 
32 80 37 
85 47 58 
44 28 38 
16 86 51 
17 92 37 
1 0 6 
82 39 29 
37 46 19 
11 7 29 
30 50 9 
19 82 1 
48 68 28 
25 64 48 
34 32 26 
76 2 50 
72 55 32 
57 37 43 
85 26 29 
23 37 8 
91 20 58 
72 39 33 
32 87 53 
92 64 49 
79 98 21 
57 75 15 
26 47 30 
49 57 8 
11 42 26 
71 18 24 
90 61 44 
8 85 15 
12 18 35 
36 62 39 
24 93 58 
96 50 5 
71 77 52 
0 78 9 
67 90 24 
13 12 2 
48 4 15 
3 64 21 
49 76 11 
83 12 13 
82 88 6 
31 84 9 
55 54 18 
78 56 56 
59 75 38 
82 40 52 
75 88 36 
81 43 40 
21 93 28 
31 76 52 
55 10 40 
73 93 4 
41 0 12 
38 79 48 
65 90 35 
83 72 16 
14 99 56 
1 32 20 
52 54 25 
31 37 53 
22 93 24 
53 66 29 
68 59 30 
39 49 9 
18 14 19 
73 49 23 
68 15 14 
55 16 6 
86 20 12 
10 51 50 
63 25 55 
78 77 41 
86 47 52 
95 38 1 
35 57 47 
65 82 57 
19 2 12 
72 57 9 
10 44 1 
53 6 33 
82 69 10 
56 99 49 
48 86 8 
99 33 18 
51 21 15 
18 86 9 
34 6 31 
65 30 1 
65 92 5 
86 46 51 
10 80 13 
59 89 32 
39 89 10 
66 41 44 
36 92 57 
62 61 23 
71 96 1 
81 14 4 
53 79 36 
17 16 34 
40 79 47 
84 39 16 
75 78 25 
57 97 6 
72 33 11 
8 95 33 
30 18 2 
63 0 56 
26 5 7 
33 23 45 
39 15 4 
25 99 15 
52 26 14 
16 83 43 
74 55 8 
76 15 43 
88 46 22 
49 61 34 
76 39 19 
83 72 34 
7 63 1 
62 88 60 
57 40 39 
82 9 14 
4 35 30 
63 11 5 
65 51 23 
38 53 16 
63 29 55 
94 12 48 
47 71 11 
20 34 52 
39 91 4 
89 25 13 
23 81 8 
64 44 51 
68 61 3 
23 0 28 
38 15 17 
93 9 30 
72 9 41 
14 29 47 
45 20 10 
69 10 55 
53 85 36 
21 49 12 
3 69 34 
37 44 46 
24 83 21 
41 28 23 
22 0 24 
74 66 33 
61 12 25 
90 33 47 
97 86 52 
84 59 53 
16 63 3 
9 52 27 
54 77 22 
66 70 50 
88 44 22 
23 18 9 
35 31 53 
72 22 46 
18 71 52 
2 55 12 
34 71 27 
36 32 39 
35 86 8 
16 5 18 
26 45 22 
39 69 53 
67 56 44 
59 28 58 
84 99 29 
48 1 37 
71 87 48 
57 24 21 
47 11 59 
15 27 4 
4 5 42 
38 45 31 
90 64 47 
25 24 56 
83 60 35 
63 8 28 
99 79 35 
59 88 51 
51 36 42 
29 3 22 
65 7 47 
46 45 4 
96 87 29 
54 13 45 
89 48 45 
75 11 6 
14 63 57 
89 22 38 
91 73 46 
53 2 29 
46 19 48 
92 65 14 
88 13 13 
96 68 46 
32 9 34 
28 85 58 
85 99 41 
22 40 23 
51 32 16 
16 37 10 
84 83 2 
11 27 47 
36 15 33 
49 63 21 
26 95 42 
52 76 19 
89 61 31 
89 35 51 
11 86 3 
58 2 32 
59 38 55 
80 2 35 
19 90 50 
71 91 46 
43 18 13 
24 70 49 
43 11 31 
13 0 6 
75 63 5 
70 73 19 
1 32 10 
68 13 32 
62 84 22 
23 55 54 
48 50 44 
21 74 26 
21 69 57 
31 34 49 
29 10 32 
65 32 5 
3 33 29 
32 1 54 
15 14 58 
89 39 5 
54 87 35 
37 60 2 
94 82 43 
62 65 10 
30 46 20 
13 63 52 
69 67 17 
9 51 31 
63 67 6 
52 8 45 
97 62 5 
43 51 25 
16 45 19 
59 58 17 
88 41 23 
79 54 27 
2 75 46 
58 84 29 
20 99 8 
46 52 56 
62 49 38 
66 44 49 
83 61 46 
81 20 25 
49 60 26 
12 39 12 
90 93 47 
87 3 24 
35 24 3 
3 70 27 
78 32 48 
68 51 33 
56 86 34 
94 19 26 
38 69 18 
24 81 37 
67 23 42 
86 10 5 
89 45 9 
43 0 51 
50 79 56 
57 47 27 
9 55 33 
74 49 32 
59 88 33 
56 64 6 
44 83 29 
25 69 11 
62 58 57 
70 2 37 
1 52 8 
16 9 7 
34 71 23 
38 45 32 
61 5 52 
54 13 48 
79 10 32 
80 87 41 
90 49 40 
46 20 14 
55 73 58 
94 41 47 
81 27 58 
23 65 56 
66 26 13 
98 32 6 
97 12 56 
28 92 24 
29 82 33 
40 81 25 
53 88 50 
70 82 51 
48 63 38 
98 38 35 
45 5 22 
97 55 6 
62 52 18 
90 33 2 
5 14 37 
69 54 50 
54 59 18 
15 81 52 
66 81 48 
95 31 26 
90 76 3 
11 73 30 
68 36 35 
86 78 48 
99 83 42 
95 4 48 
24 10 27 
93 26 20 
45 92 21 
12 87 13 
69 29 49 
84 92 15 
53 61 51 
79 47 1 
38 98 16 
11 46 60 
38 70 31 
76 16 37 
47 61 1 
48 25 20 
32 94 10 
92 30 42 
26 36 3 
48 15 22 
48 54 41 
83 65 27 
23 56 29 
25 84 5 
1 32 58 
21 32 3 
32 64 30 
21 8 20 
3 35 56 
45 35 44 
39 84 30 
79 19 47 
17 94 23 
77 19 28 
54 72 12 
91 45 4 
6 78 8 
67 99 56 
58 54 43 
86 0 19 
81 91 35 
30 22 54 
96 39 1 
71 68 40 
30 22 5 
21 66 30 
44 24 8 
83 43 60 
78 1 54 
13 39 46 
31 20 57 
37 50 59 
10 99 10 
30 70 59 
22 0 13 
86 21 59 
95 17 55 
35 0 38 
74 30 12 
67 43 31 
13 26 12 
49 63 34 
8 26 25 
57 8 15 
27 30 7 
20 68 20 
30 16 57 
65 51 57 
42 25 8 
73 44 11 
96 57 10 
39 59 53 
84 67 51 
29 76 20 
43 56 42 
10 76 11 
49 6 7 
6 71 30 
14 66 27 
1 91 51 
84 87 29 
45 78 8 
69 63 47 
20 92 35 
79 87 31 
72 97 39 
82 99 6 
60 57 29 
41 23 27 
47 25 19 
98 61 18 
58 6 37 
77 75 40 
15 47 52 
29 78 19 
52 51 9 
2 85 40 
59 46 49 
88 39 32 
34 87 49 
24 37 50 
2 95 28 
58 24 36 
77 39 3 
40 20 2 
38 24 13 
38 27 38 
89 86 16 
97 26 36 
29 13 55 
37 36 12 
59 39 39 
86 97 23 
93 26 2 
96 66 2 
29 57 39 
61 47 46 
30 37 4 
98 34 11 
5 63 24 
99 53 1 
30 12 21 
8 50 50 
10 44 17 
3 92 15 
16 21 12 
54 34 52 
71 16 9 
75 66 43 
5 71 59 
48 70 44 
80 52 48 
52 12 30 
74 22 26 
22 77 38 
36 94 51 
60 0 17 
31 72 34 
39 99 40 
33 4 4 
43 4 54 
6 36 59 
85 89 11 
15 14 46 
40 37 43 
10 73 49 
0 85 50 
77 16 14 
22 7 13 
33 41 49 
68 36 25 
22 43 53 
32 28 42 
2 95 9 
47 36 46 
22 46 40 
90 98 45 
11 27 54 
4 1 21 
48 87 34 
48 55 31 
4 29 46 
97 61 6 
30 64 2 
79 63 50 
64 85 8 
75 76 38 
20 87 46 
85 44 39 
5 44 6 
71 93 2 
73 97 11 
70 94 25 
95 25 1 
68 56 44 
29 20 2 
88 96 58 
46 68 57 
31 53 13 
69 10 50 
95 81 43 
28 6 52 
90 76 19 
66 24 36 
6 44 52 
62 74 52 
3 62 60 
72 60 8 
28 91 1 
33 13 52 
82 60 5 
76 40 4 
19 30 40 
57 97 36 
24 55 1 
95 17 27 
39 20 1 
78 92 22 
86 73 5 
98 6 58 
21 40 50 
26 16 50 
41 35 53 
80 45 30 
48 21 25 
8 17 23 
46 8 15 
98 38 8 
59 76 41 
16 75 59 
85 96 51 
15 74 59 
84 15 6 
88 48 31 
37 48 33 
94 8 2 
68 54 42 
62 52 40 
1 64 57 
13 80 24 
83 65 52 
93 32 27 
71 69 54 
37 57 54 
99 47 2 
83 41 10 
36 61 36 
97 75 29 
49 77 45 
77 42 45 
80 26 2 
31 71 35 
9 43 4 
55 32 21 
48 83 48 
42 19 41 
91 55 14 
47 5 50 
7 54 19 
83 82 21 
39 15 39 
60 98 11 
66 8 46 
89 15 30 
22 63 53 
1 5 12 
22 49 20 
55 48 5 
16 7 51 
54 90 34 
87 29 21 
97 41 19 
27 8 39 
4 49 14 
13 71 50 
58 73 27 
21 47 16 
40 54 36 
16 23 3 
46 29 5 
11 16 34 
91 66 16 
22 45 36 
60 50 45 
66 15 49 
35 25 34 
61 47 41 
89 39 7 
64 56 50 
99 54 60 
23 18 48 
77 9 46 
24 83 12 
79 44 34 
35 10 29 
63 97 35 
16 58 54 
68 47 53 
75 64 21 
56 63 16 
67 86 54 
47 15 35 
92 91 39 
83 22 35 
76 58 37 
37 73 34 
23 90 44 
56 10 24 
80 37 8 
61 94 43 
96 13 21 
49 12 37 
15 5 20 
13 40 23 
59 69 13 
15 6 46 
68 81 28 
84 37 59 
47 17 16 
26 30 2 
68 26 8 
48 27 20 
96 43 25 
36 8 18 
50 68 47 
22 35 5 
19 56 46 
59 40 35 
57 87 24 
44 13 35 
78 81 13 
25 81 21 
84 78 16 
1 66 36 
58 16 56 
84 90 52 
20 61 48 
85 20 28 
39 29 7 
62 74 60 
16 52 33 
1 77 14 
61 13 32 
68 14 30 
35 72 46 
71 8 8 
94 28 30 
21 13 10 
40 4 52 
46 67 6 
17 35 30 
69 36 19 
2 49 52 
66 69 27 
95 57 11 
93 80 60 
32 74 40 
81 47 6 
3 39 50 
54 85 9 
31 2 37 
60 23 25 
18 77 47 
89 95 48 
27 43 5 
38 36 25 
9 68 31 
8 2 18 
73 57 57 
43 11 34 
83 94 8 
59 54 3 
24 23 41 
90 65 16 
77 93 19 
74 31 27 
98 92 48 
1 0 50 
98 26 27 
87 21 30 
12 4 4 
92 64 30 
94 40 14 
74 82 59 
2 11 12 
20 85 55 
27 36 59 
54 37 20 
35 87 46 
73 26 7 
22 39 23 
17 31 19 
66 77 19 
91 52 53 
29 54 5 
13 26 50 
79 5 18 
38 59 15 
49 46 35 
86 19 21 
44 93 60 
6 10 23 
85 28 33 
55 19 25 
8 1 51 
72 66 17 
73 97 3 
11 87 54 
37 36 33 
51 22 32 
92 18 58 
23 25 60 
38 10 9 
30 65 20 
74 73 33 
76 97 51 
4 71 1 
38 34 8 
32 71 17 
76 23 11 
39 15 50 
96 90 35 
16 28 37 
16 58 14 
87 84 20 
12 60 57 
2 65 40 
42 3 54 
22 87 46 
38 63 41 
28 3 8 
37 51 58 
23 67 27 
19 35 5 
85 23 10 
24 87 22 
12 89 59 
24 84 55 
17 58 2 
34 96 38 
26 24 13 
33 14 44 
31 37 4 
9 8 19 
93 94 34 
14 70 21 
48 34 23 
46 58 39 
0 28 17 
94 62 25 
3 41 29 
15 74 55 
30 57 25 
13 66 34 
84 12 20 
29 78 2 
62 26 36 
84 73 27 
94 25 35 
62 71 29 
26 74 50 
66 89 37 
21 20 54 
65 85 1 
70 69 45 
21 51 23 
94 13 10 
49 48 55 
67 43 32 
61 5 4 
22 31 58 
71 97 20 
47 70 52 
33 87 37 
33 57 39 
49 30 30 
91 24 15 
12 74 24 
58 93 19 
30 55 24 
25 77 47 
94 0 56 
53 0 39 
84 33 26 
53 18 44 
43 67 34 
84 58 59 
38 23 25 
93 81 18 
91 63 5 
46 40 14 
84 35 27 
19 88 27 
77 25 60 
23 30 58 
78 25 5 
63 9 35 
21 99 30 
57 92 52 
87 35 47 
23 81 28 
37 65 35 
3 36 35 
21 14 20 
20 89 2 
89 19 27 
73 82 48 
19 56 19 
89 13 31 
92 0 18 
10 76 19 
17 13 4 
11 68 13 
46 41 39 
57 61 48 
51 50 59 
69 75 1 
49 46 37 
27 35 11 
50 79 43 
7 90 19 
46 59 4 
1 23 24 
93 21 45 
3 78 58 
50 81 60 
68 3 47 
21 52 54 
77 79 41 
99 29 1 
74 89 31 
24 87 30 
40 88 33 
23 34 14 
0 37 45 
37 40 58 
29 60 21 
95 81 33 
8 11 53 
9 10 34 
89 36 3 
11 61 30 
40 53 51 
45 76 17 
70 28 26 
74 18 58 
12 47 51 
4 94 12 
97 3 15 
21 64 18 
26 5 54 
69 16 7 
50 8 60 
72 5 49 
80 76 17 
26 50 7 
15 14 26 
65 19 1 
49 68 44 
43 89 60 
0 15 5 
46 36 13 
4 39 53 
64 11 39 
4 92 35 
72 70 17 
59 85 52 
44 51 23 
24 0 31 
59 95 60 
10 96 7 
66 94 4 
38 98 3 
71 14 54 
9 18 38 
75 91 40 
91 50 6 
74 46 29 
76 23 1 
98 82 56 
57 45 24 
84 11 18 
99 50 29 
1 73 3 
66 34 42 
76 9 25 
55 52 27 
72 27 13 
40 55 36 
60 54 11 
28 63 56 
91 99 39 
1 98 49 
9 99 54 
31 18 48 
24 94 49 
60 1 14 
46 74 1 
31 66 16 
38 79 22 
28 7 26 
15 50 17 
66 51 16 
14 60 7 
40 44 45 
99 20 31 
20 81 5 
93 79 39 
93 10 17 
0 49 16 
14 29 15 
91 97 46 
67 63 57 
42 29 18 
21 20 34 
17 21 34 
8 41 27 
52 34 47 
22 79 29 
58 31 18 
26 45 60 
52 36 37 
77 4 32 
6 98 33 
95 19 35 
28 37 16 
33 45 17 
20 49 43 
86 23 34 
14 81 5 
44 59 31 
3 12 59 
11 41 3 
34 47 34 
86 42 53 
60 22 30 
55 56 47 
43 28 48 
17 66 11 
70 80 5 
55 76 44 
37 31 8 
55 42 10 
30 28 29 
3 15 24 
47 75 18 
77 83 54 
3 26 22 
83 96 20 
33 66 41 
17 73 9 
13 10 1 
72 18 35 
73 0 24 
74 3 51 
17 50 46 
34 79 9 
60 35 8 
13 18 24 
33 3 22 
85 73 16 
65 38 26 
77 10 36 
32 36 56 
67 10 51 
17 27 14 
94 13 33 
3 25 20 
42 39 38 
77 24 22 
78 61 27 
53 26 45 
91 4 15 
46 88 51 
54 7 1 
64 24 60 
29 70 6 
74 25 11 
53 67 22 
51 44 58 
4 23 39 
30 28 26 
94 19 2 
20 18 10 
83 24 57 
55 40 13 
55 70 35 
20 44 21 
62 97 28 
44 0 5 
1 56 48 
72 38 28 
69 84 40 
70 57 50 
11 40 54 
59 95 34 
31 2 56 
77 22 40 
97 37 50 
85 33 2 
21 86 39 
80 58 49 
67 27 34 
26 49 51 
55 60 23 
60 19 18 
6 2 21 
21 80 35 
33 77 4 
42 14 17 
55 87 4 
25 67 54 
34 35 22 
79 13 11 
81 21 24 
23 81 3 
12 87 58 
4 9 58 
71 94 7 
74 36 54 
11 43 21 
86 69 9 
19 55 36 
32 34 29 
95 67 22 
18 42 24 
12 54 43 
9 11 32 
38 82 6 
97 8 14 
70 71 50 
82 57 39 
62 77 6 
77 61 52 
58 56 39 
59 74 41 
94 87 7 
17 48 10 
0 39 24 
78 36 53 
43 58 44 
52 40 54 
30 3 23 
15 32 24 
38 90 1 
76 50 35 
8 96 54 
47 13 55 
96 14 34 
80 92 50 
24 35 20 
39 88 40 
12 70 35 
14 38 48 
78 76 30 
50 5 12 
44 13 9 
30 60 2 
64 9 8 
89 41 40 
50 65 28 
69 4 28 
80 69 10 
95 83 40 
94 13 57 
83 63 14 
75 60 19 
63 42 12 
16 6 1 
84 47 54 
95 97 59 
42 66 35 
81 46 36 
91 93 32 
90 87 37 
18 71 1 
3 98 53 
2 61 15 
13 29 53 
33 13 20 
46 9 9 
76 3 47 
62 85 53 
18 28 39 
9 18 58 
65 89 29 
37 92 59 
21 94 52 
95 7 2 
79 92 35 
10 38 56 
38 66 40 
84 29 5 
29 99 13 
19 60 43 
96 77 24 
45 67 37 
95 88 23 
7 36 3 
48 15 35 
54 78 46 
70 16 32 
89 53 13 
45 34 24 
29 53 44 
31 49 34 
27 46 1 
15 42 49 
97 49 5 
91 49 33 
26 3 31 
51 73 59 
94 14 52 
19 59 46 
94 88 11 
30 72 21 
43 99 27 
23 14 29 
43 63 10 
0 55 39 
72 33 15 
74 36 60 
92 82 35 
16 1 54 
73 48 55 
84 78 27 
44 21 38 
50 96 4 
51 39 7 
52 39 34 
3 63 7 
57 37 23 
36 30 38 
82 98 11 
36 71 19 
30 55 37 
48 51 30 
65 54 6 
48 5 58 
94 9 9 
0 12 13 
38 21 22 
13 10 44 
70 92 2 
80 28 54 
39 10 21 
27 58 53 
37 23 47 
94 71 24 
91 18 53 
32 70 38 
84 8 59 
25 21 49 
49 43 42 
22 24 22 
15 14 45 
16 42 15 
20 31 39 
26 78 42 
89 21 32 
13 53 34 
50 37 3 
61 15 56 
29 16 60 
42 38 24 
36 6 11 
92 74 5 
6 94 37 
44 72 27 
58 13 48 
41 26 42 
95 29 11 
57 90 38 
44 71 54 
23 14 45 
78 2 11 
48 94 17 
65 0 11 
13 97 23 
39 7 16 
86 48 34 
39 43 3 
30 52 25 
87 97 37 
13 72 3 
77 3 57 
99 51 11 
95 16 43 
37 81 12 
99 20 19 
26 7 20 
31 98 3 
66 28 8 
90 68 37 
38 81 29 
0 10 52 
16 61 56 
78 56 44 
93 45 46 
56 44 18 
75 22 25 
94 5 16 
8 71 24 
75 62 4 
43 0 17 
32 53 47 
75 21 20 
22 52 28 
38 97 13 
35 53 49 
52 28 31 
29 74 37 
4 35 60 
59 10 22 
83 6 55 
39 90 40 
58 65 33 
37 40 45 
25 78 34 
57 65 28 
38 17 28 
40 46 55 
96 50 50 
28 10 12 
69 93 38 
15 84 28 
66 42 26 
39 32 18 
15 57 48 
41 66 33 
68 4 50 
27 45 57 
61 93 59 
82 21 21 
14 43 6 
51 10 31 
31 29 5 
28 68 17 
65 35 26 
32 76 45 
64 96 1 
65 24 46 
13 37 12 
12 20 25 
24 86 40 
30 89 43 
72 20 12 
56 48 32 
25 13 27 
50 97 16 
94 13 24 
95 79 20 
92 91 50 
35 56 50 
52 81 16 
11 63 37 
33 35 38 
84 43 18 
55 68 4 
14 19 41 
1 65 35 
84 12 34 
96 57 18 
45 44 47 
14 96 28 
21 8 3 
17 93 18 
86 78 1 
4 85 30 
87 99 1 
19 52 18 
65 89 23 
90 85 52 
8 30 56 
34 44 53 
93 17 13 
15 86 46 
24 25 36 
24 29 22 
45 68 13 
37 39 26 
95 5 15 
69 95 60 
0 55 30 
75 41 26 
99 34 55 
31 1 33 
9 25 58 
64 50 19 
5 47 39 
50 85 39 
95 32 36 
81 1 3 
52 53 19 
53 80 60 
50 32 27 
64 15 48 
16 24 14 
46 89 36 
4 46 23 
35 96 20 
53 43 44 
80 76 57 
2 28 50 
80 81 3 
52 31 35 
58 47 30 
65 16 35 
50 62 16 
85 18 54 
20 53 43 
91 58 58 
95 38 55 
51 41 15 
13 73 29 
55 77 52 
29 35 20 
18 53 8 
84 3 30 
91 89 20 
45 61 34 
47 52 32 
96 99 43 
70 51 16 
77 64 21 
65 71 59 
36 0 34 
7 70 39 
94 55 43 
95 46 4 
15 43 5 
40 42 49 
71 39 9 
45 61 52 
60 38 48 
1 3 59 
19 92 51 
24 51 1 
83 98 48 
97 93 27 
0 60 50 
16 0 33 
36 24 32 
56 69 33 
27 30 44 
66 83 39 
76 54 3 
86 78 15 
19 13 13 
58 10 18 
44 62 59 
26 78 31 
98 67 35 
61 23 45 
85 51 7 
48 69 10 
19 46 36 
81 32 6 
95 3 20 
59 62 42 
17 58 17 
87 84 7 
57 34 54 
52 47 38 
68 85 1 
14 85 50 
95 4 56 
82 86 1 
47 33 56 
78 93 30 
72 62 9 
28 49 25 
14 58 52 
20 10 51 
49 30 56 
29 44 42 
30 91 46 
78 73 4 
58 73 58 
45 51 23 
95 23 45 
55 51 46 
99 18 4 
82 90 15 
13 39 37 
28 20 34 
81 50 5 
39 28 31 
82 38 4 
11 84 47 
33 31 31 
69 86 14 
54 37 4 
98 20 54 
4 85 5 
40 13 45 
73 47 36 
50 86 16 
52 20 55 
27 32 11 
53 17 42 
55 39 28 
9 93 37 
32 43 17 
98 99 2 
54 92 48 
79 17 15 
6 67 53 
61 71 53 
7 98 57 
37 4 27 
50 59 6 
49 68 31 
86 53 55 
94 3 14 
36 57 58 
95 36 56 
1 94 3 
93 56 27 
57 63 25 
54 53 21 
72 3 1 
77 5 29 
27 91 34 
73 85 17 
19 73 27 
56 20 55 
11 21 10 
34 66 26 
32 24 21 
28 30 6 
29 54 22 
89 31 27 
69 10 50 
3 84 55 
91 3 21 
37 59 53 
72 71 47 
53 57 53 
38 89 49 
90 69 31 
96 98 25 
57 87 36 
75 57 19 
84 12 43 
30 55 38 
2 45 17 
95 69 20 
61 22 49 
93 60 10 
54 50 40 
44 98 38 
89 7 58 
16 82 15 
54 66 39 
28 97 34 
5 99 19 
94 93 48 
5 7 10 
74 53 42 
83 7 45 
14 51 23 
92 91 51 
9 61 33 
35 67 12 
73 48 49 
18 5 20 
57 99 47 
16 57 54 
46 31 27 
39 66 6 
83 33 30 
78 25 2 
80 86 55 
12 21 35 
15 46 43 
15 64 48 
15 73 60 
61 42 37 
66 88 20 
25 79 18 
90 63 11 
59 41 28 
73 21 14 
99 85 27 
93 53 45 
35 68 42 
35 83 27 
34 96 49 
42 15 49 
33 40 9 
42 30 24 
33 42 5 
52 15 38 
58 14 35 
36 60 8 
61 95 57 
54 30 12 
20 16 49 
29 58 16 
29 43 16 
57 86 38 
0 71 60 
36 23 7 
45 81 54 
40 70 54 
39 83 41 
55 37 12 
59 9 60 
59 38 59 
74 20 2 
29 77 20 
18 30 11 
98 66 55 
96 12 28 
9 4 18 
34 43 53 
55 51 10 
58 62 20 
77 21 10 
7 95 30 
81 76 20 
40 94 10 
71 44 48 
77 41 60 
64 2 56 
74 37 60 
66 44 43 
48 54 25 
87 31 46 
68 91 53 
70 24 1 
49 64 55 
10 87 20 
37 64 13 
29 81 35 
24 55 4 
63 73 28 
57 21 42 
61 60 46 
38 81 29 
62 51 53 
62 52 17 
9 62 45 
0 51 1 
32 80 42 
18 5 57 
42 20 31 
61 78 24 
83 91 5 
40 82 18 
88 44 49 
60 59 33 
48 68 47 
24 68 18 
65 0 59 
86 18 44 
63 12 16 
65 74 26 
40 9 38 
76 1 12 
93 89 8 
13 1 27 
85 49 55 
71 74 35 
9 39 55 
79 77 6 
2 92 10 
49 57 44 
75 50 5 
44 26 6 
95 72 7 
42 85 8 
1 71 10 
27 42 4 
22 3 35 
68 82 32 
85 36 45 
15 86 34 
70 13 24 
35 57 3 
0 4 55 
59 46 40 
66 99 43 
75 27 58 
10 49 41 
84 17 36 
88 3 32 
32 70 30 
37 40 3 
93 75 40 
75 28 24 
29 87 23 
20 5 2 
83 81 1 
40 43 10 
52 28 60 
47 68 35 
31 0 5 
0 89 5 
83 82 33 
74 57 33 
70 38 20 
12 59 37 
5 94 58 
26 86 2 
47 38 22 
38 86 30 
84 17 2 
48 69 31 
5 4 14 
89 79 3 
1 0 2 
52 13 33 
8 70 19 
98 48 25 
31 48 23 
92 86 41 
73 71 50 
6 71 20 
76 28 4 
81 17 35 
44 18 16 
97 70 21 
61 31 44 
19 29 32 
63 60 40 
45 4 59 
66 77 2 
55 83 53 
66 11 22 
82 45 51 
28 89 10 
24 38 12 
36 99 43 
19 70 24 
3 33 24 
82 30 48 
52 96 57 
93 4 52 
58 22 56 
51 4 21 
61 33 2 
42 9 60 
46 45 31 
80 17 1 
44 20 46 
19 54 16 
47 59 5 
55 52 1 
47 62 23 
2 13 8 
54 75 33 
95 69 2 
74 15 39 
56 48 8 
8 92 60 
45 11 47 
12 10 26 
76 18 50 
48 17 53 
91 71 46 
90 25 13 
74 20 15 
67 46 2 
5 54 10 
65 62 54 
44 7 46 
82 19 8 
27 48 6 
77 48 15 
41 39 46 
66 81 51 
71 7 31 
45 74 29 
86 80 23 
28 97 57 
61 93 56 
58 76 28 
18 55 36 
95 32 4 
90 25 16 
55 92 9 
46 15 17 
8 12 31 
17 50 23 
31 78 52 
8 40 6 
43 50 42 
50 68 57 
57 64 42 
13 54 47 
60 9 51 
40 7 58 
76 68 30 
39 37 21 
33 68 39 
25 28 11 
62 72 42 
75 74 2 
43 84 26 
96 97 60 
75 9 22 
45 49 29 
35 78 37 
84 17 14 
36 2 35 
67 79 43 
89 41 35 
62 16 22 
4 12 46 
9 8 35 
69 83 4 
90 81 13 
70 16 11 
19 52 20 
52 89 55 
6 8 54 
41 97 8 
47 60 16 
28 64 8 
93 25 17 
7 94 20 
30 36 1 
55 59 9 
57 78 22 
77 82 43 
3 41 51 
8 82 40 
55 29 60 
71 58 36 
50 3 2 
86 63 8 
58 45 17 
10 0 56 
79 58 26 
0 87 8 
14 42 21 
84 50 3 
3 6 25 
35 29 55 
30 79 18 
3 66 1 
71 76 59 
79 86 39 
46 65 49 
91 17 48 
70 31 30 
43 15 41 
45 71 27 
81 6 48 
75 88 7 
25 44 25 
37 67 1 
95 46 48 
6 92 53 
74 35 31 
82 57 22 
83 0 10 
83 46 33 
41 79 31 
28 55 39 
47 80 35 
31 17 42 
92 65 8 
39 71 32 
3 45 27 
85 79 45 
47 63 45 
28 98 23 
80 92 3 
90 72 38 
40 19 10 
35 51 39 
96 95 4 
56 86 55 
7 89 53 
94 75 44 
90 74 59 
34 54 18 
77 34 42 
51 24 14 
80 16 54 
89 51 57 
19 0 24 
63 56 10 
29 63 51 
93 9 58 
37 99 44 
95 34 18 
4 63 12 
5 14 48 
79 94 45 
24 35 28 
72 54 40 
15 69 36 
96 51 32 
18 44 53 
16 81 33 
91 29 59 
69 33 34 
32 91 28 
20 22 54 
76 46 1 
35 70 27 
95 37 17 
62 33 8 
45 51 44 
38 19 58 
30 11 39 
60 32 12 
53 64 55 
12 84 17 
65 12 55 
57 0 45 
3 95 54 
19 9 47 
38 55 51 
54 93 2 
51 75 5 
29 35 17 
92 88 42 
99 0 58 
75 17 51 
2 74 31 
98 77 38 
32 49 39 
50 39 14 
20 93 59 
14 96 26 
18 77 41 
55 22 1 
56 21 53 
93 48 2 
95 50 28 
97 49 46 
46 81 47 
5 83 46 
70 4 12 
81 70 8 
66 88 6 
39 95 60 
51 50 1 
16 97 9 
97 92 12 
5 42 1 
42 88 14 
28 45 37 
5 16 53 
76 97 3 
96 15 4 
93 54 19 
12 58 23 
52 74 20 
92 71 44 
83 28 58 
75 22 47 
48 2 32 
57 8 20 
21 36 9 
56 32 25 
79 77 31 
49 89 21 
71 93 55 
42 86 59 
6 21 7 
63 49 50 
61 97 44 
5 6 52 
64 28 1 
25 84 25 
1 15 3 
83 64 44 
24 88 38 
38 30 36 
76 36 49 
95 52 18 
36 13 8 
79 70 54 
83 87 14 
23 12 10 
99 13 45 
1 96 2 
45 20 30 
34 11 20 
61 87 9 
9 34 1 
7 70 26 
54 2 49 
59 85 36 
93 60 48 
62 59 33 
99 13 21 
0 10 34 
89 44 5 
60 5 44 
68 66 39 
80 25 21 
58 79 43 
6 91 20 
93 36 20 
92 50 52 
56 49 5 
16 1 35 
1 42 51 
45 3 28 
81 23 14 
51 56 20 
43 66 51 
86 24 42 
17 16 58 
57 9 41 
60 65 50 
24 33 4 
98 35 6 
68 32 1 
95 13 57 
40 16 53 
59 60 59 
62 98 3 
3 15 32 
33 24 21 
65 84 38 
94 8 51 
29 58 18 
55 78 11 
87 25 56 
43 66 13 
7 77 13 
37 39 31 
39 95 26 
62 80 3 
42 45 27 
91 90 28 
74 21 46 
91 28 57 
93 67 42 
9 11 8 
93 70 18 
85 8 17 
27 99 24 
84 62 44 
66 56 41 
85 48 13 
64 74 6 
1 65 26 
17 11 13 
59 72 16 
18 65 27 
55 50 27 
84 77 26 
59 13 40 
15 80 37 
15 17 37 
59 81 31 
24 82 28 
21 0 39 
34 59 51 
61 29 16 
7 37 58 
65 73 27 
23 32 1 
42 47 33 
18 15 30 
94 74 11 
44 99 13 
12 20 33 
42 6 44 
93 68 46 
60 27 3 
30 93 36 
76 16 40 
88 10 60 
80 29 15 
89 75 29 
79 72 40 
4 36 13 
76 78 11 
12 23 59 
77 36 39 
31 66 44 
58 94 32 
17 83 42 
76 15 43 
2 57 19 
51 36 51 
2 92 47 
74 21 37 
5 33 21 
55 62 57 
33 93 15 
56 51 49 
99 68 24 
1 97 32 
83 99 49 
93 2 17 
23 5 10 
41 79 51 
38 36 56 
10 44 18 
18 77 51 
92 86 2 
12 85 22 
68 38 59 
39 74 51 
67 66 33 
35 43 38 
44 84 10 
26 22 18 
41 84 2 
18 2 60 
88 46 38 
61 59 35 
3 79 26 
41 70 60 
31 89 27 
76 24 30 
73 21 55 
54 47 9 
72 89 34 
33 59 48 
24 48 15 
1 9 26 
68 64 45 
73 58 35 
52 41 44 
50 17 20 
40 43 41 
66 97 29 
66 69 30 
51 55 9 
39 79 9 
25 33 31 
70 1 35 
46 26 13 
92 78 15 
27 80 12 
86 72 35 
67 38 25 
47 57 14 
16 60 49 
96 99 1 
25 76 34 
15 98 47 
69 44 13 
82 88 43 
88 15 35 
11 2 28 
26 21 58 
90 20 15 
75 88 36 
16 84 47 
36 9 4 
41 24 34 
99 46 19 
31 80 27 
45 68 35 
91 79 17 
58 57 50 
16 99 42 
30 75 30 
57 43 14 
84 79 56 
39 72 20 
92 71 38 
42 54 18 
81 51 18 
35 42 58 
43 1 27 
72 17 27 
25 99 54 
14 9 37 
39 93 28 
74 84 52 
34 28 43 
43 71 57 
81 4 8 
38 39 50 
27 82 23 
74 6 60 
72 31 32 
45 44 41 
13 84 6 
12 59 42 
83 45 10 
25 88 33 
73 21 17 
20 12 56 
61 39 38 
4 65 4 
15 37 47 
26 34 32 
98 99 9 
63 62 40 
64 46 25 
46 23 45 
98 96 59 
55 68 31 
2 82 2 
32 86 8 
67 53 57 
34 80 24 
45 30 3 
45 94 7 
4 10 25 
60 56 41 
57 55 49 
75 62 58 
57 16 32 
78 48 10 
17 16 43 
94 50 35 
57 47 26 
71 93 12 
49 48 42 
26 10 59 
26 67 26 
74 42 20 
43 51 36 
94 29 37 
83 47 25 
26 93 47 
0 2 6 
57 25 39 
8 75 49 
70 1 51 
40 79 38 
65 53 52 
56 97 3 
63 43 12 
71 27 11 
95 5 56 
21 57 50 
99 15 56 
69 23 3 
89 45 36 
19 85 15 
16 2 40 
7 10 49 
1 74 13 
73 45 60 
95 93 37 
63 66 54 
32 65 9 
27 35 25 
1 24 22 
76 44 8 
82 12 42 
42 72 33 
50 73 59 
54 98 44 
33 94 49 
21 9 16 
15 41 1 
75 21 28 
11 22 33 
93 51 49 
12 85 1 
33 79 53 
17 30 19 
75 84 37 
31 70 43 
79 91 32 
94 58 46 
27 34 27 
94 45 21 
38 90 4 
26 2 50 
79 88 9 
3 5 51 
1 33 8 
50 64 50 
92 43 33 
96 90 12 
41 69 38 
59 63 15 
51 54 26 
47 80 60 
76 11 48 
36 15 6 
79 68 59 
58 18 55 
59 63 50 
51 59 60 
54 52 1 
91 63 37 
78 14 11 
55 61 23 
34 89 15 
54 78 22 
31 9 10 
89 19 1 
15 78 36 
84 81 35 
96 36 19 
76 79 22 
72 9 48 
22 64 42 
5 99 51 
51 5 1 
12 36 2 
93 77 1 
45 92 39 
60 76 21 
86 72 9 
64 1 40 
57 73 10 
17 48 54 
38 5 45 
0 56 30 
93 20 58 
94 13 15 
15 11 7 
65 71 24 
97 58 48 
65 74 29 
65 32 55 
26 49 23 
99 39 8 
76 39 24 
57 32 16 
75 27 9 
69 94 32 
56 59 24 
71 57 54 
58 74 28 
99 91 12 
13 17 53 
27 69 12 
94 45 44 
69 2 36 
64 29 35 
24 99 41 
96 55 41 
91 78 38 
44 36 32 
71 87 4 
35 0 13 
47 79 2 
99 73 59 
42 94 34 
69 10 43 
76 87 42 
76 35 29 
88 26 27 
5 70 16 
49 93 23 
84 28 36 
36 76 15 
10 27 21 
28 21 7 
1 42 58 
56 18 45 
57 47 60 
18 35 58 
4 93 40 
31 94 33 
94 78 34 
61 66 42 
7 76 9 
79 5 22 
46 58 4 
75 14 35 
91 24 34 
42 41 49 
19 98 34 
18 30 28 
62 76 18 
35 89 25 
36 96 41 
16 28 58 
69 74 49 
13 1 3 
79 92 59 
92 34 21 
40 5 20 
86 23 2 
73 85 58 
91 73 19 
27 61 35 
87 78 35 
57 47 41 
85 12 42 
79 91 6 
98 83 60 
10 76 5 
21 62 60 
62 87 26 
31 30 31 
41 57 12 
48 97 22 
82 54 22 
43 91 14 
4 22 18 
10 20 13 
1 83 49 
98 4 23 
17 19 23 
74 2 13 
56 44 11 
48 92 48 
69 74 54 
42 17 25 
76 74 7 
5 36 60 
17 89 23 
58 87 19 
60 57 50 
2 83 53 
27 40 37 
57 40 21 
36 9 47 
69 4 45 
45 32 31 
43 37 19 
62 54 8 
16 64 56 
27 25 25 
56 79 8 
40 6 20 
68 15 20 
88 51 22 
35 72 46 
51 17 38 
93 13 7 
71 27 33 
38 96 38 
45 23 35 
61 31 54 
9 24 33 
0 92 48 
32 33 12 
73 20 44 
70 23 34 
99 16 47 
65 87 14 
89 77 10 
26 23 45 
40 84 57 
86 45 21 
38 98 25 
5 30 38 
76 55 38 
72 77 1 
85 76 9 
11 93 28 
64 82 6 
66 9 41 
90 1 37 
46 87 55 
78 25 53 
3 83 35 
12 59 30 
42 31 7 
94 68 55 
63 79 8 
70 96 10 
7 62 31 
67 52 53 
64 51 60 
10 29 26 
2 84 49 
76 97 20 
57 39 44 
15 33 32 
49 96 24 
76 19 40 
37 26 14 
8 46 6 
32 10 57 
91 72 59 
28 74 43 
96 2 32 
28 11 11 
43 26 17 
26 75 5 
41 3 4 
52 92 3 
25 0 49 
3 32 51 
31 76 3 
89 4 9 
84 53 51 
75 33 14 
58 76 40 
26 54 47 
90 96 42 
26 48 34 
88 74 47 
96 77 19 
18 8 47 
60 50 52 
28 34 5 
50 61 38 
83 71 6 
94 97 60 
80 88 36 
21 14 17 
54 53 31 
92 2 60 
63 20 48 
9 32 30 
60 59 4 
16 62 38 
5 45 29 
70 39 47 
42 71 27 
9 44 33 
25 50 7 
15 43 49 
86 6 29 
14 15 1 
95 28 33 
11 44 55 
88 2 12 
88 24 3 
86 66 6 
72 28 10 
24 53 40 
82 21 23 
90 7 29 
70 73 45 
82 69 53 
54 80 49 
40 20 11 
23 60 56 
97 47 2 
42 71 42 
31 96 36 
71 30 49 
53 21 36 
94 91 22 
98 74 43 
82 80 35 
10 73 35 
93 48 47 
48 46 14 
21 88 6 
23 20 54 
78 43 44 
58 96 17 
93 90 1 
6 40 55 
88 74 7 
2 85 32 
88 78 21 
35 78 27 
80 99 47 
97 22 47 
10 52 42 
6 10 11 
74 56 41 
34 62 34 
20 3 48 
87 5 5 
30 46 35 
70 33 13 
8 13 53 
35 11 7 
33 73 32 
75 31 54 
65 6 42 
97 40 17 
22 61 20 
70 0 17 
6 30 35 
21 53 8 
13 61 2 
57 96 13 
76 82 26 
99 57 10 
32 74 56 
26 23 36 
82 46 49 
93 16 49 
61 22 52 
76 95 25 
23 61 46 
36 18 35 
60 46 29 
58 45 18 
87 30 12 
22 56 35 
49 90 53 
38 35 1 
78 96 56 
49 24 11 
25 0 52 
63 36 43 
49 97 49 
17 55 35 
94 42 45 
97 16 53 
23 65 15 
96 55 10 
36 34 38 
51 35 15 
14 13 15 
85 76 23 
27 77 52 
68 94 7 
2 40 1 
18 89 29 
42 12 15 
56 60 50 
57 49 56 
54 52 24 
28 66 37 
54 4 5 
17 83 22 
28 51 48 
47 5 48 
59 75 9 
88 17 41 
34 25 54 
83 82 55 
71 89 47 
94 17 26 
82 72 50 
46 41 25 
39 21 17 
26 68 34 
5 28 10 
73 68 39 
5 2 25 
98 37 27 
44 8 8 
91 54 6 
8 36 10 
77 34 43 
33 73 44 
41 99 13 
55 56 53 
44 29 21 
54 35 43 
38 85 40 
57 30 1 
64 73 15 
41 81 44 
90 10 38 
84 43 4 
48 85 3 
32 92 60 
44 36 1 
76 90 56 
10 81 14 
29 38 56 
9 54 41 
96 95 2 
19 38 24 
28 23 27 
11 71 4 
46 55 56 
37 99 4 
57 27 7 
65 37 28 
10 66 18 
85 28 52 
85 76 8 
18 47 7 
61 75 30 
99 39 53 
23 37 28 
90 74 59 
94 83 46 
40 0 23 
19 10 21 
36 47 41 
7 84 29 
75 54 36 
81 15 24 
62 67 3 
14 90 12 
73 32 6 
31 26 21 
68 18 2 
42 37 4 
34 73 32 
7 81 48 
55 56 3 
3 89 30 
26 3 37 
40 69 19 
91 42 32 
68 25 10 
28 45 29 
41 87 46 
65 73 20 
88 80 53 
95 36 41 
9 39 50 
39 17 25 
87 57 34 
78 0 28 
49 68 13 
50 48 18 
18 90 57 
24 7 30 
55 95 31 
67 42 19 
87 52 30 
48 43 27 
12 82 56 
97 60 8 
24 61 16 
28 12 16 
77 30 18 
13 6 25 
74 61 60 
16 80 43 
46 67 27 
15 67 42 
53 31 4 
0 28 45 
47 52 6 
14 32 18 
30 9 41 
87 22 7 
4 49 49 
15 65 29 
17 12 49 
75 79 36 
76 33 8 
60 33 48 
56 33 13 
61 47 25 
31 29 35 
31 69 29 
37 73 38 
57 88 16 
58 57 48 
26 33 27 
13 62 32 
32 74 58 
80 30 51 
84 43 10 
68 26 20 
62 57 29 
31 47 2 
0 56 42 
35 14 20 
34 92 6 
13 58 48 
24 42 14 
73 74 24 
55 58 59 
85 27 26 
44 41 15 
24 23 34 
25 24 11 
18 12 17 
18 47 42 
3 60 52 
2 36 54 
75 10 21 
30 65 39 
28 50 58 
5 46 60 
40 70 4 
73 47 41 
15 66 14 
24 36 21 
77 91 13 
88 45 29 
93 72 51 
73 2 17 
64 82 39 
81 88 18 
40 80 48 
76 5 48 
36 21 6 
9 97 2 
81 74 25 
13 14 10 
82 59 22 
12 85 16 
60 49 58 
11 82 38 
8 23 38 
27 99 24 
94 87 57 
31 97 34 
4 78 40 
68 92 6 
29 26 37 
62 90 42 
97 3 43 
67 14 46 
24 74 41 
62 1 32 
5 48 59 
73 31 8 
38 36 27 
29 56 51 
34 86 49 
2 0 11 
56 98 14 
58 65 20 
95 89 54 
55 3 28 
18 60 48 
17 33 59 
16 71 47 
42 0 44 
64 86 42 
12 89 2 
55 45 60 
48 55 17 
60 51 39 
45 58 42 
84 77 35 
71 46 28 
42 62 40 
48 57 32 
11 73 19 
64 38 20 
66 93 17 
17 93 52 
86 53 43 
44 99 14 
57 83 3 
31 7 1 
91 49 23 
22 49 12 
53 13 26 
23 77 36 
82 95 9 
38 13 2 
50 99 28 
64 95 27 
89 4 2 
91 88 1 
91 79 22 
6 1 52 
29 54 57 
26 78 34 
61 12 30 
89 51 35 
11 53 14 
90 69 41 
16 59 45 
29 50 53 
2 94 32 
23 0 5 
46 81 20 
82 8 10 
48 69 2 
9 59 5 
83 22 10 
8 12 60 
80 79 39 
4 61 1 
69 63 7 
60 39 27 
5 37 41 
56 72 29 
37 20 18 
30 81 9 
75 16 3 
76 75 27 
95 56 47 
25 12 41 
58 81 16 
84 42 47 
63 99 5 
23 7 57 
91 44 49 
80 26 10 
29 1 18 
3 30 34 
90 25 22 
8 3 34 
88 61 56 
36 97 50 
22 60 21 
46 83 48 
94 26 4 
62 7 10 
63 88 4 
80 91 54 
25 81 31 
26 90 26 
40 30 47 
35 66 25 
76 41 37 
16 39 13 
63 34 39 
58 48 58 
27 64 26 
2 96 50 
55 22 43 
38 48 45 
23 40 36 
22 27 14 
18 3 27 
74 71 27 
66 86 53 
85 44 41 
14 24 45 
80 26 22 
41 34 56 
83 72 56 
68 47 57 
35 69 36 
20 87 52 
47 62 3 
13 80 50 
17 16 6 
17 32 10 
34 64 57 
47 5 3 
34 40 7 
69 60 34 
97 95 56 
53 16 43 
64 15 17 
98 80 58 
67 97 7 
33 66 59 
74 0 35 
42 99 60 
44 33 33 
70 55 13 
96 52 29 
91 57 17 
25 73 12 
22 72 24 
51 91 1 
97 76 27 
28 51 20 
22 93 59 
74 90 5 
18 12 40 
70 8 24 
70 99 2 
86 25 15 
69 99 59 
84 2 11 
44 99 47 
71 79 50 
50 54 24 
80 79 14 
44 98 18 
15 68 27 
39 91 18 
72 29 35 
78 51 34 
57 35 56 
79 80 48 
25 3 59 
27 53 13 
70 85 5 
55 82 23 
52 97 4 
10 88 35 
68 12 4 
54 91 35 
40 48 31 
75 27 43 
14 4 46 
85 83 51 
9 53 56 
14 60 50 
16 65 28 
91 75 48 
5 95 1 
1 50 12 
47 90 12 
29 17 11 
91 84 47 
8 69 51 
30 78 36 
38 92 9 
27 61 54 
66 4 1 
94 62 57 
86 63 59 
17 62 41 
0 92 50 
62 35 14 
28 96 35 
30 26 6 
86 64 50 
54 92 3 
39 58 48 
99 4 30 
7 90 5 
17 59 7 
17 59 59 
39 21 7 
44 2 23 
19 32 29 
24 70 6 
25 76 18 
88 67 8 
55 67 33 
84 26 15 
28 96 35 
34 65 34 
85 4 8 
71 49 2 
5 20 6 
13 96 57 
90 21 25 
7 9 33 
87 64 12 
71 0 10 
45 80 26 
79 67 32 
25 52 8 
44 75 29 
65 80 9 
70 45 5 
98 36 7 
3 95 16 
75 34 13 
18 5 25 
87 51 6 
53 82 13 
36 7 37 
75 3 24 
64 68 56 
72 91 41 
77 89 29 
3 44 37 
90 19 11 
94 89 29 
99 77 52 
84 82 54 
88 18 54 
44 93 57 
27 57 58 
42 82 9 
54 59 10 
55 14 35 
51 56 46 
33 51 56 
73 50 13 
64 86 55 
90 74 25 
23 18 50 
11 97 40 
68 39 2 
68 45 53 
58 0 27 
92 3 35 
97 89 46 
92 62 8 
16 79 54 
22 69 8 
46 44 26 
16 55 55 
95 76 46 
8 44 32 
80 2 24 
18 46 60 
12 96 29 
58 40 3 
57 56 34 
91 79 3 
98 78 59 
76 94 35 
50 41 31 
16 1 47 
79 81 42 
42 99 48 
13 63 44 
21 73 17 
96 31 54 
49 22 5 
24 20 23 
42 48 29 
68 51 2 
70 19 3 
17 98 16 
18 92 15 
17 6 19 
13 79 12 
49 75 3 
94 77 37 
18 53 10 
73 47 58 
73 16 49 
67 86 28 
9 55 18 
85 73 51 
11 43 49 
1 56 48 
13 57 36 
7 3 45 
24 21 18 
13 46 57 
2 72 33 
43 39 12 
50 48 47 
60 85 53 
10 49 16 
70 50 24 
57 63 33 
24 23 36 
68 99 29 
17 64 28 
14 66 60 
78 61 59 
29 12 19 
36 24 17 
20 86 6 
47 56 56 
82 65 52 
74 90 55 
21 10 26 
89 80 50 
56 94 48 
95 24 10 
25 54 14 
4 42 18 
20 14 4 
85 61 12 
0 43 37 
83 17 47 
37 38 10 
94 79 10 
15 36 36 
55 83 60 
56 9 34 
69 65 48 
58 37 42 
33 22 23 
64 74 6 
12 58 15 
99 47 25 
0 42 5 
29 9 33 
4 64 48 
3 20 49 
9 41 54 
56 99 3 
70 84 45 
92 0 32 
10 13 22 
96 64 1 
73 64 55 
77 93 45 
21 97 9 
0 52 10 
89 61 51 
94 70 23 
37 40 39 
53 84 60 
96 46 53 
97 43 57 
50 16 21 
44 45 6 
0 18 55 
69 18 47 
10 59 1 
92 54 31 
26 43 43 
45 96 7 
64 93 34 
96 42 17 
44 43 25 
56 89 2 
61 89 40 
15 10 58 
73 20 38 
93 65 24 
83 91 27 
17 36 15 
84 0 20 
97 48 55 
5 92 59 
81 48 28 
2 61 50 
41 76 20 
50 49 53 
19 95 10 
94 31 41 
12 48 50 
27 32 42 
86 81 11 
92 38 55 
91 19 16 
30 73 17 
59 66 46 
51 17 28 
15 88 23 
96 83 54 
16 47 35 
77 74 47 
39 13 41 
49 5 39 
55 96 59 
10 79 32 
27 38 59 
24 41 8 
71 8 28 
13 4 23 
39 73 11 
13 50 57 
19 89 10 
11 90 28 
90 46 4 
40 8 55 
63 87 14 
53 11 47 
12 82 28 
60 48 32 
94 87 25 
24 52 48 
81 23 29 
2 35 40 
29 25 58 
5 65 38 
59 80 6 
4 34 49 
91 46 24 
38 58 12 
41 53 51 
18 77 3 
45 10 26 
13 12 41 
24 94 18 
33 99 15 
51 11 56 
56 15 2 
76 58 48 
79 48 27 
30 90 20 
72 60 29 
14 57 60 
32 70 45 
84 47 19 
62 80 31 
56 83 22 
83 91 49 
44 68 48 
4 47 36 
70 30 38 
41 2 18 
41 69 7 
52 53 50 
76 37 57 
47 99 9 
69 8 13 
50 43 4 
98 88 32 
57 44 52 
65 66 14 
62 7 28 
72 0 37 
38 53 50 
27 81 40 
15 80 31 
84 49 31 
36 51 35 
31 2 35 
95 59 19 
6 24 5 
99 39 4 
46 63 44 
15 53 49 
36 33 11 
95 48 51 
6 84 13 
76 72 36 
42 4 58 
96 99 50 
46 57 46 
10 56 17 
85 54 40 
9 21 46 
37 10 39 
99 5 59 
42 63 4 
34 92 56 
81 86 32 
79 83 23 
88 81 20 
25 92 28 
2 77 15 
93 38 16 
38 28 6 
16 27 24 
95 21 39 
10 7 31 
97 89 10 
89 68 33 
31 8 34 
31 85 18 
90 87 48 
4 81 38 
40 19 46 
37 88 6 
40 83 19 
11 45 47 
73 42 56 
22 31 36 
54 15 36 
20 46 41 
29 88 9 
68 93 22 
46 85 21 
51 74 29 
88 15 44 
47 78 1 
13 51 24 
20 74 7 
47 80 42 
82 52 20 
54 82 29 
14 50 22 
55 48 59 
68 0 33 
68 40 20 
52 87 58 
84 52 50 
7 24 4 
14 71 56 
35 5 9 
55 12 51 
15 26 33 
16 82 2 
6 50 54 
18 17 6 
50 22 6 
7 6 30 
68 66 15 
3 80 38 
19 68 16 
87 23 48 
89 38 14 
93 6 48 
46 64 50 
51 34 41 
97 84 55 
82 44 42 
71 12 9 
37 68 21 
75 87 9 
70 26 44 
29 67 34 
62 12 52 
82 59 36 
51 62 11 
91 59 47 
6 93 31 
79 17 56 
19 54 4 
92 81 43 
80 3 1 
96 32 40 
1 47 12 
65 29 23 
92 80 6 
54 24 17 
1 82 11 
43 61 8 
98 33 14 
73 25 16 
35 57 11 
75 5 4 
86 7 43 
58 24 12 
40 16 4 
37 71 60 
94 24 2 
96 67 36 
63 18 49 
88 91 46 
95 27 43 
6 54 1 
49 41 20 
91 51 24 
14 43 40 
69 81 3 
49 27 19 
62 23 59 
37 38 57 
97 26 8 
82 22 7 
77 80 54 
77 29 7 
36 72 58 
71 38 33 
22 7 14 
97 8 53 
95 71 48 
13 8 6 
1 58 45 
29 92 59 
87 69 59 
0 98 40 
6 86 44 
15 57 14 
68 32 21 
53 29 50 
66 24 41 
5 90 21 
31 91 39 
87 72 12 
17 60 33 
27 60 44 
18 19 10 
81 86 60 
34 54 52 
46 8 33 
67 26 29 
59 83 39 
12 66 43 
70 53 55 
73 22 7 
98 49 20 
21 67 39 
82 0 45 
1 86 12 
4 85 12 
36 52 30 
45 64 53 
95 76 20 
89 98 25 
4 24 8 
82 22 17 
21 43 17 
31 77 57 
28 79 24 
31 35 49 
42 72 53 
31 69 17 
55 16 5 
46 6 4 
91 62 60 
58 44 42 
26 18 37 
14 49 54 
51 29 25 
26 60 1 
86 2 5 
98 85 6 
27 93 42 
83 39 28 
86 30 10 
65 40 55 
18 19 53 
14 33 34 
40 36 44 
44 14 24 
36 0 39 
0 51 56 
85 78 9 
87 61 29 
46 0 11 
16 17 24 
82 36 23 
14 2 16 
99 42 45 
62 39 19 
38 75 40 
68 28 23 
83 65 1 
44 4 14 
44 51 6 
74 67 44 
97 49 32 
91 15 6 
19 14 21 
83 29 40 
13 67 47 
92 87 47 
74 70 53 
86 66 37 
12 10 28 
89 37 27 
84 86 28 
15 78 23 
53 97 30 
33 32 39 
4 45 58 
2 90 5 
29 16 47 
21 55 14 
69 67 36 
69 56 5 
87 93 12 
55 8 2 
89 13 59 
38 46 23 
68 2 40 
65 5 30 
1 34 7 
8 7 14 
33 28 13 
68 97 1 
93 85 14 
56 40 15 
97 81 8 
87 20 7 
9 88 49 
28 54 46 
90 7 52 
68 15 59 
1 48 20 
53 69 37 
13 14 54 
67 70 54 
81 67 28 
8 6 28 
86 15 16 
15 95 42 
52 85 50 
24 53 17 
54 53 18 
13 59 19 
70 73 33 
15 92 55 
1 73 34 
68 33 20 
55 20 27 
82 87 42 
16 39 28 
57 63 33 
13 70 20 
22 83 59 
0 5 24 
92 21 56 
58 22 49 
91 90 3 
30 45 35 
36 79 22 
90 95 1 
29 52 17 
21 18 7 
20 40 50 
31 41 48 
14 85 9 
90 44 31 
38 35 13 
72 18 50 
26 6 29 
67 96 37 
0 25 1 
96 47 59 
62 19 32 
63 50 5 
70 17 10 
98 7 26 
0 97 34 
92 22 52 
33 48 30 
54 68 27 
70 68 44 
90 16 3 
81 78 43 
12 41 25 
36 12 42 
97 62 21 
55 63 19 
48 7 13 
11 93 1 
80 47 41 
98 17 21 
42 7 17 
84 88 35 
98 52 49 
63 40 1 
96 38 3 
37 93 18 
27 93 58 
39 4 51 
51 36 18 
84 35 55 
84 29 34 
53 13 15 
99 12 27 
87 27 60 
39 75 18 
54 64 23 
31 91 56 
20 82 32 
50 86 48 
79 70 55 
25 6 44 
31 59 10 
25 59 54 
23 98 21 
62 38 48 
91 92 53 
13 75 44 
80 96 19 
51 98 45 
11 30 27 
5 55 53 
29 86 5 
18 63 36 
23 87 14 
3 1 52 
10 93 16 
82 58 52 
98 91 20 
48 42 30 
84 53 40 
90 59 28 
54 40 26 
30 10 50 
65 33 49 
51 88 30 
74 50 55 
90 85 26 
33 83 57 
24 83 59 
65 67 5 
37 57 16 
64 63 16 
29 94 58 
58 11 31 
78 62 51 
48 37 1 
14 79 46 
39 12 41 
55 88 4 
66 53 31 
30 90 20 
5 54 24 
72 36 30 
49 46 21 
11 25 4 
61 25 13 
61 39 12 
99 79 44 
19 86 44 
23 52 57 
45 34 48 
25 91 34 
20 63 42 
9 64 9 
9 27 26 
24 88 11 
76 2 10 
7 1 41 
2 72 40 
85 47 4 
22 93 59 
1 70 22 
86 90 38 
8 51 42 
76 60 42 
21 37 50 
43 13 44 
4 73 17 
97 75 10 
76 13 17 
59 87 10 
29 40 60 
91 26 2 
68 34 53 
61 62 46 
82 35 43 
44 78 48 
7 83 21 
24 32 49 
13 8 54 
1 19 41 
31 49 41 
82 92 27 
76 12 34 
20 73 16 
25 8 44 
19 52 14 
79 11 57 
59 87 9 
19 52 29 
92 54 9 
52 37 50 
4 71 2 
31 47 14 
96 68 59 
23 45 7 
86 17 11 
80 96 3 
8 7 50 
69 27 43 
37 19 49 
77 24 26 
66 28 17 
99 11 17 
44 7 17 
63 31 54 
41 69 51 
72 49 39 
66 10 47 
95 79 46 
29 68 45 
69 46 1 
94 64 30 
43 16 13 
91 60 53 
7 75 36 
72 17 5 
55 41 27 
33 7 37 
19 54 36 
36 35 36 
73 5 2 
33 52 19 
74 47 27 
27 38 39 
91 97 55 
86 69 4 
50 24 25 
16 58 44 
92 29 58 
99 66 34 
75 39 12 
48 24 24 
38 99 11 
44 78 49 
63 69 26 
9 55 47 
72 57 52 
28 74 10 
91 18 11 
60 70 57 
66 97 48 
77 45 53 
92 36 24 
2 80 42 
2 95 31 
99 4 18 
65 28 15 
56 8 41 
57 51 12 
88 12 22 
36 30 39 
76 7 56 
40 99 32 
3 53 45 
44 7 12 
6 5 57 
23 22 37 
49 32 46 
50 89 57 
73 29 1 
14 18 31 
4 94 30 
91 34 21 
15 89 6 
71 33 33 
22 91 51 
30 66 55 
67 15 27 
64 17 28 
12 90 18 
73 56 36 
15 12 2 
65 4 28 
17 71 17 
23 42 2 
87 16 5 
58 47 51 
52 66 18 
30 29 16 
97 42 38 
46 15 55 
13 83 19 
74 0 55 
73 17 6 
61 92 20 
82 80 57 
46 38 36 
76 42 2 
26 72 52 
41 21 54 
98 20 2 
64 33 37 
95 60 17 
29 33 14 
87 95 27 
86 29 19 
54 76 57 
69 4 59 
50 82 43 
61 23 36 
67 74 56 
40 90 2 
96 85 2 
4 15 7 
29 2 42 
47 40 24 
45 95 32 
81 64 48 
11 67 31 
65 28 54 
93 47 20 
40 39 51 
21 87 28 
14 43 23 
41 73 17 
14 20 38 
17 66 5 
48 99 29 
88 11 36 
58 28 17 
3 73 16 
23 14 28 
85 87 35 
32 2 39 
95 94 44 
63 9 24 
72 79 50 
76 79 42 
45 67 5 
32 25 33 
48 81 27 
16 4 33 
23 89 60 
69 73 42 
59 20 37 
22 84 19 
6 56 10 
7 33 49 
8 30 49 
24 62 54 
17 63 27 
35 31 11 
67 54 32 
38 75 6 
60 35 6 
28 9 42 
58 67 31 
67 75 44 
8 35 26 
16 60 20 
1 29 35 
68 16 26 
90 83 12 
2 73 28 
39 85 35 
96 14 24 
38 24 12 
88 44 39 
23 52 26 
88 68 46 
19 69 47 
14 89 3 
39 80 58 
71 82 32 
30 73 17 
24 69 43 
79 59 8 
2 47 24 
0 22 36 
86 62 16 
83 82 17 
10 96 7 
52 87 47 
82 10 41 
33 40 54 
69 16 23 
24 48 35 
51 50 22 
26 51 5 
1 37 59 
48 72 41 
64 82 37 
70 87 5 
56 69 15 
28 2 28 
21 23 24 
36 47 12 
10 50 55 
83 76 26 
79 29 55 
38 77 7 
78 42 50 
67 64 49 
43 21 18 
77 1 32 
56 23 47 
52 11 55 
95 73 37 
89 8 26 
34 88 55 
20 78 5 
27 56 27 
68 75 51 
96 18 4 
45 48 46 
48 4 41 
74 56 4 
0 4 37 
77 93 25 
34 80 25 
68 0 43 
32 27 52 
90 47 27 
13 95 26 
56 40 46 
53 88 2 
25 15 31 
8 15 15 
16 44 8 
81 78 28 
37 99 1 
20 83 60 
11 26 8 
77 39 3 
14 47 56 
51 53 16 
93 78 51 
43 87 19 
49 3 15 
48 36 14 
76 74 45 
8 46 8 
67 57 26 
74 86 45 
29 53 53 
24 4 26 
59 97 56 
10 92 35 
80 93 51 
94 42 7 
39 70 33 
83 78 59 
63 45 8 
68 72 35 
65 1 28 
57 25 24 
54 84 34 
29 46 26 
44 26 60 
14 73 22 
72 12 44 
57 48 22 
87 11 7 
75 31 59 
49 96 60 
28 5 57 
11 10 14 
44 93 40 
22 37 19 
93 3 32 
6 27 16 
89 36 24 
50 24 47 
8 99 59 
87 0 27 
18 28 13 
27 91 16 
20 36 49 
11 10 18 
29 3 41 
72 9 41 
28 98 57 
83 0 21 
50 8 52 
0 47 12 
98 18 40 
2 45 24 
18 65 20 
26 76 30 
24 58 45 
76 82 34 
56 10 24 
25 46 36 
17 48 24 
9 48 32 
0 46 42 
72 1 7 
35 19 44 
86 45 12 
47 69 50 
11 46 53 
36 54 35 
11 79 21 
86 97 49 
69 58 49 
52 58 48 
53 30 49 
51 17 8 
14 3 25 
6 50 15 
7 13 53 
39 49 59 
86 60 39 
26 46 48 
67 68 26 
7 72 36 
46 26 59 
86 77 56 
45 44 40 
50 49 22 
76 57 56 
48 49 45 
26 35 58 
36 13 16 
95 32 4 
12 92 29 
88 38 35 
46 25 4 
73 70 48 
4 72 50 
86 48 60 
33 96 1 
29 75 28 
86 11 41 
94 7 14 
69 71 46 
17 59 56 
91 57 33 
47 83 36 
46 87 28 
48 73 17 
7 58 53 
19 88 60 
66 74 32 
26 68 51 
71 90 14 
8 7 34 
36 51 23 
88 98 46 
63 44 6 
11 92 51 
7 51 50 
51 22 38 
23 88 4 
54 67 25 
96 90 35 
9 51 2 
34 87 13 
69 75 3 
86 91 28 
91 2 52 
22 61 16 
63 64 38 
40 87 19 
43 93 6 
67 89 48 
33 51 19 
55 37 26 
79 6 34 
2 93 25 
21 36 27 
84 58 40 
99 21 4 
89 13 24 
19 57 17 
16 76 19 
3 10 42 
42 17 59 
19 96 26 
72 50 31 
16 71 27 
14 56 58 
73 7 51 
49 96 45 
64 67 34 
20 83 42 
70 87 44 
71 81 41 
10 52 30 
7 25 20 
49 93 32 
75 8 40 
12 33 7 
75 34 16 
99 98 23 
32 71 27 
45 41 6 
69 65 39 
9 27 31 
98 34 8 
90 83 2 
1 10 22 
20 75 47 
98 50 14 
73 1 12 
16 85 35 
94 30 49 
11 99 34 
61 60 41 
63 59 27 
91 1 22 
64 2 52 
45 74 47 
63 73 49 
16 98 50 
20 14 15 
94 60 46 
62 23 57 
47 84 38 
59 48 10 
5 39 51 
86 55 6 
30 0 40 
48 63 25 
17 32 44 
38 52 50 
45 98 3 
82 13 26 
18 60 31 
68 72 31 
77 76 50 
87 16 5 
4 98 37 
96 46 12 
60 15 4 
75 6 8 
5 51 7 
47 85 40 
64 3 12 
14 71 24 
64 0 34 
5 40 2 
1 44 40 
49 40 58 
61 53 46 
56 28 52 
56 85 15 
2 84 40 
13 49 55 
36 15 39 
32 31 59 
57 37 31 
98 91 28 
89 40 28 
78 1 33 
83 10 34 
46 66 11 
60 20 28 
11 33 57 
66 21 44 
44 5 36 
74 62 6 
45 12 17 
12 53 37 
71 32 11 
36 67 1 
29 66 59 
59 78 19 
26 90 24 
94 8 25 
30 4 31 
45 78 5 
50 75 18 
46 39 23 
35 11 27 
25 99 15 
77 28 13 
95 39 51 
33 18 41 
56 64 21 
52 94 45 
54 92 44 
19 42 31 
48 41 51 
30 28 54 
97 53 13 
83 82 13 
35 77 12 
65 10 22 
38 18 47 
18 70 53 
3 25 25 
18 96 20 
8 44 53 
90 74 41 
83 23 46 
27 6 8 
99 93 45 
63 11 47 
44 49 45 
42 19 47 
35 74 32 
71 92 48 
50 53 44 
74 95 59 
74 79 34 
79 6 53 
18 58 6 
82 21 49 
60 17 58 
4 60 30 
71 47 24 
14 18 9 
54 21 22 
37 95 29 
47 22 48 
81 53 7 
25 72 45 
62 6 38 
11 67 15 
60 23 15 
29 46 14 
73 61 53 
61 67 6 
54 4 1 
42 4 3 
62 85 57 
40 62 41 
76 24 7 
33 35 46 
59 48 30 
46 77 56 
79 2 29 
83 15 56 
8 21 53 
81 16 17 
75 78 34 
23 70 36 
43 46 12 
70 31 20 
67 90 48 
36 35 5 
4 16 28 
84 51 55 
80 60 57 
32 93 53 
40 68 31 
33 92 41 
40 35 59 
71 57 10 
90 25 20 
57 13 29 
54 17 5 
53 2 28 
67 34 60 
3 18 33 
55 58 54 
37 43 6 
89 83 33 
87 54 23 
16 97 20 
88 54 53 
96 60 43 
72 13 17 
99 33 31 
91 88 1 
23 44 11 
28 33 34 
73 75 29 
58 62 23 
0 31 20 
19 71 7 
3 67 39 
5 91 25 
61 42 18 
3 33 6 
15 9 42 
85 37 28 
50 63 3 
50 21 17 
53 21 28 
4 92 31 
62 95 10 
33 53 21 
17 66 24 
86 22 9 
91 37 18 
45 75 36 
32 77 59 
46 28 60 
22 33 53 
82 89 57 
12 4 4 
62 37 57 
54 53 44 
89 40 38 
58 83 55 
35 28 22 
2 12 32 
80 10 60 
31 33 45 
55 67 14 
23 79 18 
87 93 35 
3 0 21 
38 89 1 
95 99 17 
42 35 57 
15 89 30 
18 70 32 
97 53 45 
13 61 12 
67 84 24 
76 71 29 
23 27 41 
23 17 31 
16 65 50 
44 59 57 
0 26 27 
21 45 9 
53 94 54 
17 8 35 
1 27 52 
16 55 55 
76 78 34 
37 54 24 
39 22 9 
40 66 20 
77 66 26 
55 88 51 
55 41 26 
8 10 46 
75 63 13 
78 79 48 
52 56 59 
58 93 13 
81 84 7 
69 24 5 
68 1 11 
45 8 31 
16 63 44 
33 72 35 
58 99 58 
10 77 10 
69 81 38 
7 39 3 
51 20 47 
17 41 31 
53 61 5 
4 7 53 
46 75 57 
30 8 1 
76 18 40 
85 80 29 
74 49 30 
71 9 2 
65 60 42 
91 30 16 
42 83 17 
46 39 56 
10 86 11 
86 68 11 
38 96 49 
89 81 1 
17 8 51 
79 31 60 
80 97 32 
53 88 42 
68 82 18 
97 28 29 
32 91 55 
95 77 55 
17 68 11 
58 57 33 
78 27 53 
0 6 4 
79 38 1 
23 43 30 
96 64 52 
53 61 13 
2 45 24 
88 92 13 
95 10 41 
45 20 11 
29 98 18 
21 99 24 
97 30 14 
17 53 37 
78 2 41 
22 55 34 
46 9 12 
9 98 44 
53 45 6 
66 90 6 
36 72 45 
33 45 36 
88 42 38 
81 12 24 
69 90 26 
70 12 53 
83 58 23 
46 19 33 
50 25 18 
15 91 40 
53 79 12 
89 64 30 
24 52 44 
93 85 56 
16 54 19 
41 24 51 
74 60 22 
68 6 13 
60 8 38 
97 76 1 
76 29 40 
80 18 44 
81 94 36 
24 87 21 
32 56 28 
30 49 52 
92 75 44 
13 43 23 
6 3 23 
75 52 59 
36 81 8 
75 61 18 
79 42 12 
86 18 12 
79 2 48 
26 32 17 
49 25 33 
85 90 56 
79 48 52 
81 24 44 
60 12 5 
19 87 58 
97 18 52 
20 57 31 
31 88 33 
50 14 18 
67 15 35 
11 0 37 
46 79 46 
89 13 22 
33 73 34 
9 44 53 
47 93 4 
30 66 41 
32 97 49 
37 0 55 
74 19 50 
88 30 3 
44 28 54 
1 18 47 
34 3 32 
27 12 9 
12 11 2 
15 42 8 
75 74 38 
75 11 18 
89 85 17 
70 25 7 
52 22 35 
18 75 25 
96 10 28 
48 37 41 
96 49 44 
89 16 46 
97 91 1 
54 18 44 
63 7 22 
39 78 27 
97 82 21 
83 0 57 
88 97 27 
95 97 16 
67 45 26 
51 34 34 
28 31 46 
80 37 16 
44 0 24 
45 91 34 
71 88 48 
24 23 1 
0 12 50 
86 59 47 
61 79 44 
38 82 58 
32 10 22 
69 91 39 
24 35 60 
39 32 23 
84 55 4 
12 79 28 
92 79 52 
21 17 43 
99 31 34 
74 69 16 
31 53 19 
72 22 42 
3 99 9 
82 38 1 
56 23 36 
19 87 16 
58 79 47 
9 52 45 
24 3 16 
17 77 37 
93 60 31 
31 33 25 
12 36 36 
80 70 27 
32 78 22 
87 98 9 
74 56 40 
41 18 44 
25 42 7 
92 59 16 
80 4 16 
22 87 21 
87 51 9 
54 83 31 
60 15 50 
41 3 60 
9 77 36 
8 18 6 
11 95 28 
69 39 60 
56 20 4 
52 42 52 
84 81 3 
5 36 47 
95 96 54 
64 90 17 
35 99 47 
11 60 17 
8 23 25 
96 45 24 
95 1 36 
50 5 39 
93 90 40 
88 95 8 
66 42 37 
59 58 27 
8 94 38 
34 57 50 
30 66 46 
74 14 31 
10 61 12 
65 11 58 
15 5 60 
47 45 27 
14 11 49 
82 70 40 
88 30 15 
98 64 52 
19 47 30 
64 73 44 
54 83 25 
98 1 29 
95 16 46 
86 63 11 
72 30 22 
52 12 4 
92 53 35 
78 51 31 
21 22 18 
31 87 4 
6 93 19 
91 90 40 
39 38 29 
44 24 32 
46 48 42 
7 53 35 
42 97 20 
56 75 51 
39 96 25 
16 79 12 
19 86 26 
10 77 17 
49 68 36 
57 64 12 
81 10 33 
34 69 26 
0 11 23 
19 20 38 
41 59 46 
86 27 26 
17 99 4 
94 9 13 
63 10 21 
70 20 57 
1 0 27 
85 87 48 
70 88 19 
4 59 11 
61 1 10 
19 39 10 
56 55 29 
79 3 10 
31 66 60 
3 36 20 
91 89 33 
37 75 21 
56 97 1 
86 2 60 
37 63 1 
98 34 20 
87 90 9 
27 21 44 
76 4 30 
88 7 38 
67 98 19 
52 87 14 
72 95 32 
84 82 34 
3 19 49 
76 17 56 
87 57 26 
7 36 60 
30 13 4 
71 1 52 
0 20 2 
19 72 2 
12 96 37 
55 80 59 
0 84 10 
61 12 20 
56 99 37 
93 59 13 
52 89 18 
16 13 51 
39 13 12 
12 32 44 
73 97 33 
82 4 53 
72 5 29 
82 18 13 
61 74 33 
49 67 4 
21 72 53 
11 88 6 
1 79 12 
12 91 36 
48 17 33 
32 99 10 
44 71 7 
45 53 5 
9 66 51 
21 15 50 
44 37 2 
9 0 22 
86 1 41 
29 66 53 
5 14 50 
29 46 1 
58 42 32 
44 39 18 
0 49 44 
30 22 20 
80 19 9 
53 80 29 
15 66 2 
55 48 8 
39 53 22 
88 82 60 
40 93 55 
12 89 34 
41 90 55 
84 72 38 
95 4 29 
43 58 29 
43 73 27 
45 80 35 
12 20 28 
46 60 23 
77 1 36 
51 65 5 
17 6 47 
31 90 40 
20 38 16 
28 81 54 
16 77 39 
75 74 12 
29 38 32 
89 84 4 
31 14 5 
66 65 50 
42 34 28 
9 66 51 
0 38 9 
95 67 22 
1 35 59 
31 10 45 
42 40 4 
25 29 8 
69 12 34 
65 30 40 
27 72 26 
94 33 12 
56 33 11 
4 81 50 
86 34 45 
96 65 8 
81 60 40 
4 37 41 
63 58 33 
37 76 43 
28 3 7 
53 49 41 
97 6 46 
79 62 39 
28 48 13 
64 97 51 
11 78 43 
50 34 20 
70 49 31 
2 38 27 
16 66 50 
3 72 51 
75 21 29 
80 0 52 
19 80 12 
43 44 29 
33 8 19 
87 10 45 
79 81 55 
29 35 13 
55 4 12 
36 7 16 
66 82 37 
55 14 9 
58 33 49 
9 77 5 
10 62 5 
88 2 36 
53 81 9 
19 10 24 
71 65 48 
94 1 27 
89 19 1 
57 74 16 
25 84 49 
25 94 38 
70 4 33 
26 44 15 
41 97 56 
89 68 58 
25 40 3 
64 86 36 
11 76 35 
91 85 22 
86 11 46 
67 36 52 
76 58 16 
48 85 1 
74 78 50 
81 68 39 
98 45 31 
32 9 37 
67 72 5 
74 64 31 
7 2 54 
72 21 10 
84 98 1 
51 98 38 
11 25 36 
21 6 56 
51 57 1 
21 89 23 
29 9 35 
14 35 31 
36 42 34 
69 66 7 
90 50 5 
70 2 36 
87 65 1 
35 38 59 
50 89 36 
63 62 38 
85 92 39 
79 58 14 
90 46 36 
55 15 22 
41 57 25 
78 80 59 
13 19 4 
73 54 15 
43 57 24 
19 20 39 
88 5 43 
66 36 41 
79 26 47 
86 33 54 
7 75 3 
83 53 23 
61 66 23 
57 91 29 
91 86 46 
66 5 6 
4 93 43 
86 59 20 
78 90 18 
16 76 12 
21 36 7 
84 19 52 
78 33 10 
92 90 1 
61 33 59 
86 99 5 
32 56 30 
34 94 2 
25 24 44 
43 41 21 
94 15 49 
20 51 40 
51 29 53 
0 22 15 
92 83 8 
70 21 40 
6 53 28 
88 40 22 
81 65 47 
64 8 21 
24 54 48 
24 26 19 
44 29 60 
48 29 14 
43 73 29 
22 96 31 
53 54 16 
40 94 36 
74 75 34 
80 40 34 
32 16 49 
99 41 15 
17 85 45 
69 33 26 
42 28 12 
51 3 60 
81 56 46 
16 49 1 
44 23 36 
37 55 8 
42 88 5 
50 87 58 
37 57 43 
53 26 48 
98 68 37 
21 19 60 
40 52 28 
66 69 37 
38 65 40 
85 54 16 
73 96 44 
29 99 43 
26 36 32 
60 89 10 
27 39 51 
75 61 2 
74 53 15 
82 71 36 
90 9 41 
70 47 55 
5 20 51 
80 1 2 
94 27 58 
18 39 59 
67 66 31 
89 42 52 
31 68 37 
25 2 49 
92 93 10 
72 15 17 
58 72 9 
88 4 50 
22 98 9 
39 68 48 
50 88 27 
0 77 41 
63 8 29 
79 85 4 
19 77 9 
21 49 24 
17 7 56 
86 48 20 
7 70 10 
56 61 59 
95 63 39 
1 15 16 
1 78 45 
22 10 10 
97 81 8 
65 2 9 
48 20 9 
55 58 49 
66 17 19 
75 73 12 
5 21 28 
23 74 43 
71 28 42 
75 50 44 
16 47 37 
35 64 40 
56 12 52 
84 67 22 
12 33 59 
62 60 45 
25 18 26 
52 93 12 
95 64 60 
68 91 2 
3 8 21 
19 95 5 
38 51 29 
81 35 28 
82 99 13 
1 13 54 
45 39 4 
62 91 37 
53 38 42 
73 6 53 
46 9 13 
67 29 49 
51 19 40 
0 1 48 
19 83 59 
72 36 33 
37 81 24 
20 95 15 
48 49 34 
89 74 52 
74 20 2 
18 87 23 
58 91 42 
98 43 35 
77 62 31 
7 86 27 
99 23 1 
82 43 36 
9 92 17 
74 33 3 
45 59 4 
78 77 23 
40 36 6 
74 86 41 
8 15 36 
78 23 2 
37 74 46 
77 9 49 
64 18 33 
53 92 39 
15 89 58 
98 68 28 
73 8 57 
38 82 55 
51 43 3 
26 73 26 
87 10 12 
72 39 1 
53 4 59 
77 57 23 
35 72 13 
5 23 13 
52 48 1 
40 38 56 
67 89 39 
9 15 32 
26 3 55 
17 27 54 
18 32 50 
88 10 59 
3 97 32 
7 2 7 
79 7 15 
11 99 53 
26 66 43 
36 75 10 
20 1 25 
14 19 13 
99 89 57 
89 77 27 
87 32 57 
10 39 39 
8 18 38 
2 82 58 
87 8 24 
9 97 52 
50 17 45 
95 83 24 
19 34 25 
75 74 55 
94 63 7 
10 25 59 
80 34 49 
58 88 31 
87 75 60 
30 36 29 
53 87 46 
78 82 21 
73 1 15 
58 28 11 
24 22 6 
22 32 23 
60 65 9 
69 23 38 
59 10 25 
10 92 22 
58 98 21 
75 76 3 
27 1 16 
14 59 56 
24 35 39 
1 58 3 
3 18 48 
92 87 23 
21 99 45 
25 61 10 
66 20 28 
46 47 16 
60 75 57 
27 89 49 
23 65 44 
93 18 42 
47 21 33 
67 65 20 
61 86 11 
18 12 13 
67 30 45 
66 29 32 
93 89 39 
69 68 20 
9 44 37 
33 89 35 
66 36 37 
18 55 34 
10 17 21 
0 35 5 
4 54 7 
28 72 56 
52 65 18 
50 86 27 
42 96 3 
98 81 52 
73 99 40 
21 18 16 
86 80 45 
38 32 60 
2 37 46 
49 65 38 
76 17 43 
93 20 49 
31 62 37 
13 12 58 
36 37 18 
48 10 8 
63 97 40 
99 35 12 
18 90 49 
43 91 15 
92 67 44 
54 61 4 
54 44 18 
51 58 3 
80 46 60 
9 94 31 
8 9 60 
87 8 47 
99 78 57 
99 73 20 
65 64 8 
49 19 21 
4 26 25 
74 29 15 
56 9 34 
27 71 8 
9 79 50 
88 19 38 
7 70 17 
15 69 30 
15 35 56 
82 36 7 
14 40 53 
90 66 42 
25 22 24 
10 2 7 
37 11 6 
26 52 37 
76 59 7 
52 74 17 
53 89 12 
20 23 28 
59 37 60 
71 80 7 
65 57 41 
20 67 43 
46 4 35 
3 83 7 
80 59 58 
78 63 12 
46 68 2 
49 89 17 
88 48 27 
68 71 47 
66 88 24 
38 60 51 
61 6 7 
47 62 2 
85 94 13 
82 72 56 
5 19 17 
18 68 26 
55 9 6 
81 77 9 
39 95 10 
2 33 30 
32 46 9 
70 45 11 
92 30 57 
24 64 41 
72 22 40 
88 40 41 
45 47 10 
50 28 59 
30 67 6 
99 21 19 
81 53 6 
69 24 51 
71 68 34 
67 92 10 
87 64 52 
79 52 33 
91 97 20 
12 99 41 
62 82 20 
7 33 42 
37 14 27 
14 35 43 
37 58 31 
90 77 4 
59 17 60 
3 48 53 
35 91 42 
66 55 34 
78 17 36 
10 76 41 
11 13 28 
69 28 3 
4 65 14 
54 7 11 
49 18 28 
9 21 36 
73 8 59 
86 75 54 
99 5 11 
46 15 39 
27 78 45 
74 0 25 
8 4 22 
1 10 9 
72 60 47 
11 21 1 
99 46 29 
77 32 16 
11 84 2 
13 30 49 
92 9 28 
36 35 60 
60 44 24 
1 97 54 
1 21 26 
19 33 59 
59 84 25 
60 61 10 
35 24 54 
68 38 56 
17 30 6 
96 18 41 
27 30 37 
10 83 15 
55 84 36 
61 3 1 
91 15 5 
16 75 47 
77 10 51 
70 31 21 
45 0 3 
30 48 41 
3 75 23 
19 85 46 
85 92 42 
21 5 6 
41 97 41 
46 65 48 
64 42 58 
6 12 41 
87 9 1 
1 92 9 
34 95 4 
96 66 1 
42 52 54 
23 25 59 
60 66 8 
12 64 53 
39 80 15 
29 39 59 
49 78 9 
70 79 33 
90 13 60 
34 10 6 
66 4 50 
39 79 55 
70 92 14 
97 4 50 
90 96 23 
76 25 42 
27 74 60 
87 96 11 
39 87 5 
38 73 47 
55 39 3 
25 31 42 
71 53 26 
84 50 11 
14 92 27 
76 21 4 
29 48 50 
60 35 47 
70 74 46 
46 64 51 
32 19 10 
74 96 13 
48 68 58 
65 52 41 
35 18 13 
53 46 26 
96 27 34 
18 87 21 
84 58 27 
41 4 51 
71 89 23 
92 15 59 
97 15 27 
54 81 52 
14 68 2 
19 22 29 
44 70 36 
70 88 16 
30 24 54 
17 16 10 
19 88 59 
93 33 7 
12 30 22 
50 84 3 
93 99 12 
55 70 6 
15 14 56 
2 84 17 
77 67 53 
62 36 31 
52 55 51 
82 1 56 
28 13 6 
90 15 3 
84 9 34 
95 16 44 
32 31 58 
88 33 35 
36 63 2 
60 25 38 
50 77 5 
33 12 46 
48 40 31 
46 82 39 
28 67 60 
61 14 36 
16 47 39 
33 87 44 
39 23 7 
60 35 25 
69 86 54 
34 71 26 
51 71 7 
34 17 9 
32 45 28 
43 58 23 
18 74 50 
76 60 37 
71 99 52 
78 12 27 
62 81 45 
75 67 28 
53 19 40 
19 5 17 
19 89 15 
87 32 5 
69 2 32 
50 30 32 
18 1 23 
9 79 15 
87 93 37 
4 21 24 
91 74 15 
2 93 40 
31 64 1 
5 51 33 
41 72 35 
52 22 45 
75 92 39 
98 1 38 
32 41 44 
48 45 5 
84 88 59 
38 43 24 
50 74 20 
50 31 24 
83 72 56 
69 25 31 
86 0 43 
4 50 17 
53 83 30 
96 83 7 
12 67 35 
50 58 18 
85 8 24 
85 58 15 
88 93 48 
15 14 25 
65 1 37 
60 57 48 
8 10 3 
97 59 6 
83 71 6 
9 74 24 
79 59 32 
22 44 22 
97 84 36 
96 0 31 
20 17 44 
96 29 1 
75 37 43 
37 34 42 
83 69 54 
48 79 60 
23 10 39 
54 32 56 
95 81 20 
82 77 40 
84 49 18 
87 98 47 
99 73 17 
22 11 23 
55 46 13 
60 46 4 
39 69 14 
78 23 58 
13 70 40 
32 5 49 
4 89 51 
93 29 29 
59 28 22 
67 50 25 
10 6 43 
22 66 29 
65 6 58 
70 36 33 
7 49 36 
78 33 41 
79 37 2 
29 30 31 
29 42 52 
2 9 54 
87 71 12 
69 93 31 
50 10 57 
47 32 45 
20 40 6 
15 70 19 
67 1 49 
60 30 59 
31 11 13 
34 14 55 
87 53 26 
99 74 52 
29 24 22 
17 72 55 
41 44 27 
66 11 29 
24 30 51 
24 90 13 
3 73 5 
27 7 39 
61 95 4 
67 46 18 
18 75 35 
31 92 59 
77 85 3 
63 51 6 
72 27 56 
34 52 18 
26 7 52 
82 34 11 
52 48 26 
75 67 32 
25 37 59 
99 68 51 
97 46 28 
91 61 19 
96 85 19 
83 71 23 
60 98 22 
63 80 28 
74 85 36 
31 60 3 
35 85 40 
13 36 41 
36 33 59 
43 24 52 
54 72 58 
92 55 49 
86 68 39 
87 83 32 
74 9 57 
62 41 49 
16 76 35 
56 41 31 
68 77 37 
26 21 1 
97 75 34 
6 19 1 
87 57 41 
65 96 25 
76 22 14 
24 84 27 
33 1 43 
79 9 45 
61 77 14 
77 3 55 
18 52 42 
83 59 53 
55 46 50 
96 63 46 
20 92 9 
5 16 33 
32 49 46 
86 28 35 
82 42 32 
56 19 27 
2 89 12 
24 72 51 
68 80 49 
18 76 52 
15 48 24 
83 53 13 
88 37 22 
45 24 3 
60 6 45 
3 14 56 
2 17 46 
53 93 30 
15 61 10 
75 31 18 
98 47 26 
14 82 40 
46 70 9 
79 16 53 
93 28 12 
49 83 18 
25 85 15 
42 90 20 
31 5 34 
53 32 45 
50 31 24 
48 45 47 
47 91 9 
87 22 17 
0 16 45 
23 65 49 
60 90 46 
67 32 57 
18 16 54 
31 21 27 
28 71 18 
71 19 35 
97 18 38 
46 58 40 
62 58 36 
59 33 54 
39 45 36 
4 12 29 
60 31 37 
26 14 18 
72 42 41 
1 14 13 
75 63 23 
44 9 21 
83 24 51 
91 35 4 
16 74 10 
31 30 14 
31 43 37 
47 69 52 
36 41 34 
49 94 60 
81 21 4 
83 65 45 
96 0 21 
66 43 36 
22 59 2 
23 91 33 
36 22 48 
85 70 57 
48 58 10 
1 7 44 
73 88 57 
56 24 42 
0 72 14 
21 38 18 
28 60 37 
62 35 48 
74 24 3 
33 9 5 
9 57 3 
30 10 23 
45 83 23 
81 91 27 
34 44 39 
87 17 50 
84 45 2 
41 7 18 
40 33 42 
14 66 43 
58 27 12 
61 9 42 
75 54 58 
77 35 9 
56 21 45 
6 9 22 
95 93 20 
97 86 39 
86 79 45 
99 93 31 
21 52 31 
4 65 60 
45 40 27 
74 69 54 
95 25 56 
59 32 45 
41 27 30 
20 76 57 
10 14 28 
34 13 21 
77 86 25 
47 90 42 
78 88 34 
64 62 24 
38 57 29 
85 17 21 
89 10 41 
38 82 29 
26 92 4 
93 27 49 
6 4 36 
70 3 18 
4 81 46 
77 98 41 
72 88 10 
41 73 7 
93 14 29 
25 52 43 
34 79 36 
57 24 35 
45 30 19 
72 53 54 
90 57 35 
47 34 25 
67 59 33 
97 52 38 
95 45 32 
56 71 45 
98 57 56 
33 14 40 
47 11 3 
17 84 36 
90 26 53 
97 73 19 
1 93 18 
46 42 10 
15 37 8 
47 45 51 
83 44 48 
50 29 54 
41 29 5 
63 46 41 
38 89 7 
22 38 53 
93 91 46 
22 89 40 
52 5 57 
31 52 43 
81 87 39 
88 37 28 
61 78 37 
97 94 16 
18 84 17 
16 7 15 
88 52 18 
5 74 8 
64 26 13 
13 9 57 
7 90 4 
45 30 13 
64 43 3 
13 41 37 
8 11 14 
96 79 53 
22 68 45 
39 25 59 
46 42 38 
58 7 47 
26 14 10 
29 11 32 
73 27 56 
96 40 9 
64 0 52 
17 96 11 
81 18 51 
45 10 29 
36 56 51 
53 67 38 
31 93 24 
52 75 47 
4 48 14 
51 96 15 
39 13 47 
90 82 24 
72 64 54 
23 9 44 
51 45 53 
73 50 40 
2 34 53 
45 86 20 
51 42 29 
36 93 57 
62 84 30 
89 74 13 
64 99 49 
57 22 18 
13 25 16 
25 98 18 
56 0 4 
80 97 43 
80 0 45 
80 36 59 
76 99 23 
38 40 50 
82 4 21 
90 61 3 
59 26 60 
26 3 18 
44 59 10 
99 40 59 
41 72 39 
26 52 7 
56 80 38 
70 18 58 
11 52 22 
51 42 44 
13 54 22 
4 80 26 
93 76 17 
82 76 49 
20 17 21 
10 95 13 
37 51 14 
14 22 44 
32 33 49 
5 85 23 
40 50 37 
2 55 38 
19 48 34 
95 83 22 
64 55 60 
4 18 47 
49 7 59 
74 21 33 
69 5 18 
17 11 35 
60 51 18 
56 5 25 
85 24 5 
91 72 28 
72 36 16 
23 92 14 
70 93 21 
20 67 14 
92 89 52 
1 6 35 
96 18 58 
45 27 24 
49 12 8 
53 3 12 
41 28 48 
88 51 53 
53 21 46 
25 93 26 
18 85 27 
21 39 53 
35 87 44 
53 32 51 
28 81 43 
75 34 39 
47 27 7 
6 15 50 
10 68 44 
8 93 37 
25 64 55 
31 37 54 
95 73 1 
78 77 33 
88 6 54 
63 33 60 
93 32 28 
51 91 23 
60 1 44 
95 9 49 
24 34 45 
38 17 23 
43 13 8 
35 91 6 
59 32 24 
64 95 17 
3 40 50 
70 91 41 
5 3 34 
8 51 24 
8 75 10 
73 65 20 
27 8 53 
54 95 24 
11 54 28 
74 18 55 
70 21 15 
51 92 18 
23 49 2 
97 9 45 
32 17 20 
53 42 25 
92 69 45 
96 23 20 
40 34 26 
67 60 4 
94 83 57 
8 34 41 
66 10 30 
79 59 59 
43 42 57 
34 96 59 
90 41 21 
6 37 24 
17 29 51 
82 49 11 
65 43 34 
21 51 41 
74 69 3 
23 0 22 
82 43 45 
10 29 13 
80 71 14 
20 77 24 
84 94 13 
86 28 2 
48 93 37 
94 67 29 
26 41 30 
68 16 51 
69 98 6 
13 60 36 
5 41 27 
91 61 17 
14 97 31 
18 83 20 
20 32 45 
16 78 44 
16 4 57 
86 72 46 
8 41 16 
73 6 17 
68 63 38 
87 54 39 
83 20 37 
25 39 12 
96 11 36 
13 79 14 
48 96 38 
77 34 42 
22 42 55 
17 67 53 
73 36 57 
22 75 3 
81 10 36 
89 87 55 
80 36 46 
56 1 37 
61 1 13 
71 78 39 
52 51 53 
79 22 1 
11 47 29 
7 70 36 
62 3 46 
37 44 5 
51 24 53 
28 32 54 
36 46 36 
89 17 46 
79 21 11 
64 0 5 
64 12 44 
4 71 46 
19 33 49 
96 70 5 
60 73 10 
65 53 14 
18 90 40 
25 31 49 
63 62 23 
5 26 23 
69 90 27 
84 94 39 
70 65 44 
10 61 27 
95 74 32 
4 39 46 
49 9 28 
41 35 51 
1 50 33 
83 55 20 
66 76 2 
64 60 9 
34 30 6 
38 41 48 
16 36 2 
67 92 33 
24 93 22 
71 34 49 
53 36 39 
46 19 46 
17 37 22 
30 54 55 
90 88 25 
16 78 18 
55 94 46 
68 14 58 
20 38 52 
81 62 58 
30 67 6 
28 13 38 
34 82 47 
67 65 1 
61 55 42 
38 23 40 
55 78 7 
61 46 41 
10 18 51 
53 0 5 
31 82 13 
48 62 38 
85 48 33 
12 16 58 
44 29 45 
65 67 1 
65 23 39 
63 36 18 
75 46 36 
77 0 48 
42 83 50 
26 83 5 
75 69 33 
59 33 29 
56 77 39 
13 43 26 
93 60 1 
3 23 17 
12 98 56 
88 75 48 
67 69 43 
29 47 46 
53 23 27 
25 82 40 
66 91 10 
36 56 53 
73 49 13 
34 4 8 
82 17 26 
77 57 41 
24 23 43 
58 53 50 
24 6 33 
10 84 8 
82 50 31 
31 86 27 
75 59 48 
79 45 4 
6 28 41 
31 57 58 
83 82 35 
5 92 20 
75 16 27 
19 79 3 
98 61 53 
68 44 11 
46 19 30 
73 98 36 
57 4 44 
9 87 41 
67 70 15 
53 76 60 
92 3 56 
90 74 15 
72 73 28 
4 41 52 
74 88 11 
56 13 21 
31 70 45 
86 32 32 
98 99 15 
45 4 43 
84 96 46 
91 87 40 
26 59 33 
25 16 47 
17 42 55 
79 98 20 
40 81 31 
56 19 43 
8 18 54 
82 15 30 
36 51 6 
41 42 45 
72 20 37 
77 46 33 
75 63 27 
9 94 6 
8 34 39 
30 91 59 
84 51 29 
89 85 24 
98 21 35 
56 14 49 
0 38 30 
56 67 56 
80 42 51 
47 51 25 
64 12 52 
14 94 55 
32 31 58 
20 19 23 
75 71 36 
81 27 22 
30 79 20 
99 88 48 
66 20 30 
96 19 14 
72 35 18 
83 50 4 
89 82 15 
46 55 28 
40 30 19 
55 64 38 
36 94 9 
8 45 37 
95 11 18 
76 7 29 
9 31 25 
58 15 35 
2 56 49 
76 3 44 
23 43 27 
93 51 31 
90 87 37 
19 47 22 
87 42 33 
76 71 52 
85 32 43 
29 91 50 
23 93 7 
3 21 22 
87 97 5 
5 90 28 
87 33 8 
63 4 15 
84 91 30 
16 68 21 
59 5 53 
81 34 24 
71 9 49 
17 12 23 
18 51 32 
14 8 42 
62 95 7 
49 58 11 
83 42 23 
12 10 43 
64 69 40 
97 3 54 
72 74 35 
93 43 39 
35 13 43 
26 27 11 
59 41 27 
26 90 5 
48 26 20 
62 90 42 
44 55 4 
83 4 59 
8 76 33 
94 69 36 
45 56 29 
99 34 8 
9 46 10 
67 24 32 
84 72 30 
95 35 33 
16 31 8 
11 67 52 
9 27 60 
33 22 22 
0 19 18 
28 18 5 
88 79 23 
89 47 27 
80 31 19 
50 26 14 
62 94 38 
81 58 25 
4 19 12 
3 53 26 
24 5 37 
54 86 35 
70 74 7 
32 63 54 
70 95 37 
80 97 35 
26 11 21 
3 92 59 
47 48 11 
70 52 36 
16 28 41 
32 34 47 
19 56 1 
85 40 16 
50 10 12 
46 91 9 
72 17 41 
92 20 53 
23 19 14 
73 89 6 
80 57 26 
40 90 33 
87 61 21 
59 98 22 
95 48 44 
26 46 55 
6 18 44 
46 62 56 
31 85 55 
64 10 37 
1 90 34 
18 31 16 
70 69 17 
31 29 35 
84 76 55 
47 54 1 
2 61 11 
77 59 54 
73 90 59 
39 54 22 
95 55 52 
61 26 3 
16 96 25 
85 79 15 
51 63 23 
66 11 18 
26 65 51 
9 94 50 
2 19 1 
32 59 27 
73 6 15 
57 67 41 
19 36 9 
4 21 9 
70 24 44 
64 90 47 
13 69 12 
23 78 19 
45 32 18 
57 64 57 
75 90 36 
49 47 55 
1 18 3 
50 74 16 
30 96 1 
73 61 11 
80 74 40 
3 50 38 
21 47 50 
59 4 7 
7 79 49 
62 81 48 
89 82 6 
51 32 1 
87 62 37 
47 36 10 
97 68 57 
17 71 47 
66 45 14 
48 4 10 
46 63 1 
34 26 2 
21 67 45 
78 18 17 
10 5 32 
39 52 20 
28 50 28 
44 19 51 
62 37 56 
75 37 52 
96 83 36 
97 69 34 
78 42 41 
42 21 59 
91 31 45 
54 70 49 
53 51 39 
20 95 30 
62 58 60 
98 85 57 
89 82 21 
44 79 42 
29 9 5 
29 4 26 
48 47 29 
72 1 52 
52 54 43 
31 26 58 
32 88 8 
71 38 34 
0 80 8 
60 76 59 
41 6 60 
17 35 4 
62 83 11 
43 7 52 
94 60 18 
96 43 4 
45 27 45 
5 51 23 
50 51 43 
77 11 20 
87 4 38 
6 74 33 
82 36 49 
52 31 8 
76 77 28 
53 73 3 
57 71 31 
53 28 42 
35 78 25 
50 7 8 
41 94 24 
38 52 18 
22 34 7 
90 87 18 
18 63 36 
57 68 41 
40 77 24 
2 30 52 
15 18 30 
79 20 17 
6 61 3 
89 51 56 
47 73 42 
93 16 49 
22 34 44 
77 43 45 
10 83 2 
13 37 13 
45 4 23 
6 83 23 
75 41 24 
37 83 47 
4 82 12 
6 27 28 
46 1 34 
2 79 58 
26 41 33 
27 54 51 
11 51 15 
13 58 11 
35 33 44 
70 69 27 
56 27 21 
20 33 40 
47 79 42 
61 81 53 
70 59 54 
62 87 8 
44 50 20 
79 64 50 
1 51 3 
64 22 45 
63 30 52 
95 50 5 
55 50 57 
16 63 10 
60 33 30 
93 95 57 
32 40 19 
23 71 23 
72 71 15 
54 88 9 
59 51 59 
90 47 42 
7 54 52 
3 22 55 
32 82 48 
73 75 55 
1 7 7 
80 83 38 
22 55 22 
68 10 11 
36 21 14 
87 63 53 
88 70 47 
39 25 29 
5 10 51 
52 83 38 
98 85 58 
85 65 1 
42 39 36 
24 8 38 
46 96 59 
19 83 15 
92 71 45 
18 10 3 
19 67 25 
49 19 28 
59 18 45 
76 3 42 
76 97 42 
83 21 42 
1 19 58 
91 39 22 
45 31 25 
22 1 8 
24 20 15 
88 22 35 
87 81 45 
72 9 60 
25 37 57 
66 20 51 
19 73 50 
69 65 1 
50 62 24 
6 84 38 
73 60 18 
8 0 52 
14 88 5 
90 12 54 
69 37 11 
97 56 24 
99 27 17 
21 96 34 
81 98 37 
77 5 53 
74 30 34 
91 38 54 
35 4 14 
59 94 18 
45 15 48 
67 13 16 
10 12 23 
79 85 52 
64 67 2 
60 44 27 
45 18 58 
38 61 48 
83 48 33 
69 60 47 
66 5 23 
5 24 8 
0 35 52 
75 66 18 
98 30 17 
19 43 21 
98 88 51 
55 78 4 
54 61 45 
6 82 5 
5 49 50 
67 6 54 
46 59 41 
37 34 19 
14 84 22 
10 3 25 
2 1 5 
64 8 3 
40 63 56 
64 69 59 
48 74 20 
89 93 46 
54 39 25 
7 29 31 
77 95 55 
78 58 39 
74 12 52 
58 77 41 
72 69 36 
0 85 17 
58 33 32 
69 74 17 
34 80 49 
11 87 50 
21 65 45 
68 95 43 
18 70 56 
69 80 5 
81 53 6 
56 5 51 
53 15 16 
76 84 10 
44 70 10 
52 81 50 
93 55 27 
78 23 22 
20 41 52 
27 62 53 
63 44 18 
68 52 3 
58 5 50 
33 81 14 
34 78 36 
64 30 30 
85 24 25 
71 54 60 
52 26 53 
4 54 55 
88 69 31 
77 38 24 
71 96 41 
80 82 55 
25 16 13 
40 32 15 
89 17 59 
93 88 45 
24 93 32 
96 49 58 
83 37 7 
65 14 57 
0 37 26 
41 17 48 
15 42 56 
19 82 9 
53 24 6 
64 69 7 
28 94 32 
71 42 21 
68 77 18 
87 95 24 
43 95 41 
48 88 50 
87 55 4 
43 74 6 
31 28 2 
88 92 32 
86 72 26 
77 44 20 
17 12 18 
46 99 33 
41 95 20 
73 95 29 
22 83 36 
65 26 11 
43 9 19 
44 49 43 
15 88 15 
32 17 11 
92 35 44 
29 33 35 
13 75 42 
92 0 38 
12 23 1 
88 40 39 
38 83 40 
68 80 1 
42 95 49 
88 80 27 
79 72 14 
34 53 27 
40 66 14 
42 10 15 
39 75 10 
71 63 10 
29 53 6 
48 73 6 
68 67 33 
29 55 53 
55 86 25 
20 19 18 
66 61 56 
92 3 39 
66 94 54 
15 65 17 
56 94 42 
81 94 35 
38 14 14 
91 95 9 
23 2 16 
80 22 8 
89 88 29 
17 81 44 
55 99 38 
68 66 55 
96 22 21 
77 56 35 
83 94 22 
56 37 29 
36 61 32 
3 93 34 
91 34 3 
91 51 56 
47 6 27 
96 74 53 
11 70 8 
71 99 16 
78 34 30 
51 42 8 
19 79 1 
90 34 26 
84 77 40 
18 21 32 
34 68 38 
52 64 45 
37 27 7 
44 99 19 
59 29 53 
20 80 56 
19 99 27 
79 90 41 
36 26 39 
76 44 40 
67 30 20 
16 83 16 
40 20 24 
39 16 55 
37 27 24 
69 99 56 
96 19 15 
2 50 37 
43 87 35 
13 63 20 
4 82 30 
63 98 25 
90 91 57 
45 30 5 
99 67 4 
34 36 24 
1 33 55 
68 87 45 
24 30 4 
59 95 39 
90 99 1 
51 14 32 
48 5 3 
64 2 33 
1 2 20 
64 88 8 
27 42 53 
61 10 1 
98 86 3 
21 97 39 
60 87 10 
32 91 57 
3 39 22 
65 55 16 
9 56 50 
20 21 19 
68 0 21 
52 14 3 
24 12 9 
27 85 7 
77 97 14 
26 30 45 
94 33 4 
67 51 52 
43 60 28 
72 81 41 
90 1 2 
2 5 16 
76 30 60 
85 57 17 
91 86 55 
36 64 37 
21 59 2 
96 26 13 
27 69 26 
67 42 7 
27 84 60 
88 39 5 
15 14 7 
6 0 16 
35 43 2 
9 80 27 
17 53 18 
58 49 4 
51 29 46 
56 48 28 
94 75 4 
85 16 3 
81 83 11 
8 42 51 
43 77 55 
17 38 27 
55 54 20 
52 13 21 
75 16 22 
20 24 50 
59 70 26 
83 7 54 
97 89 37 
27 49 19 
10 44 8 
84 61 6 
42 16 41 
1 68 47 
61 96 35 
3 68 40 
92 80 50 
9 63 58 
42 12 59 
11 40 8 
21 50 32 
9 86 6 
86 28 22 
67 81 23 
65 42 11 
79 97 31 
70 42 51 
32 3 6 
1 98 19 
59 9 31 
18 30 41 
21 91 19 
86 78 7 
20 97 8 
74 14 42 
76 93 12 
46 16 34 
49 48 57 
66 1 15 
44 60 56 
66 30 19 
86 3 30 
44 42 20 
82 14 29 
1 88 43 
15 16 29 
26 62 25 
79 63 5 
87 30 26 
94 26 18 
9 93 40 
7 31 3 
49 76 25 
20 10 59 
89 64 59 
23 79 35 
51 5 10 
47 36 33 
91 23 35 
36 69 42 
45 79 15 
84 38 46 
27 39 34 
63 60 37 
62 1 1 
52 24 20 
7 28 37 
76 75 33 
60 67 48 
75 55 38 
16 1 49 
2 37 47 
19 16 39 
65 80 51 
21 94 52 
93 46 8 
44 53 16 
0 81 32 
44 94 51 
63 69 46 
0 37 19 
68 91 17 
27 10 33 
25 27 25 
87 0 59 
98 93 6 
37 89 11 
53 41 25 
96 85 19 
6 1 28 
23 1 17 
42 22 8 
50 1 30 
74 26 50 
79 13 50 
77 63 16 
74 52 25 
25 57 47 
9 53 44 
87 11 5 
86 87 19 
74 29 21 
53 31 42 
42 5 60 
11 84 5 
33 14 40 
48 88 52 
52 65 50 
50 74 55 
86 13 59 
22 51 46 
60 25 27 
72 78 18 
85 73 35 
76 36 60 
32 69 6 
51 17 14 
75 22 12 
56 24 46 
90 62 52 
88 85 55 
25 97 21 
91 22 51 
88 59 56 
43 36 33 
34 20 22 
91 24 32 
36 99 26 
47 55 50 
85 97 5 
36 86 30 
42 11 59 
74 55 1 
85 43 53 
20 38 41 
44 24 21 
38 15 25 
49 52 44 
34 99 51 
95 84 49 
19 72 27 
80 15 30 
91 41 25 
23 26 21 
15 99 59 
95 94 4 
48 33 31 
72 82 43 
48 68 35 
30 16 51 
58 87 16 
24 68 51 
54 11 24 
90 34 3 
70 50 34 
89 97 29 
84 45 3 
46 70 37 
9 70 38 
75 0 54 
25 59 21 
0 35 21 
42 41 44 
26 32 39 
88 2 41 
1 43 38 
61 79 36 
3 26 58 
32 87 20 
29 62 40 
94 39 31 
94 40 19 
67 34 40 
50 60 52 
20 0 7 
40 53 30 
10 15 50 
77 70 28 
14 2 15 
73 83 29 
84 77 8 
7 24 28 
65 91 55 
64 93 7 
48 66 8 
34 6 13 
15 68 60 
76 45 31 
63 11 5 
37 36 29 
25 21 26 
5 28 10 
24 45 53 
78 9 27 
45 57 13 
64 43 51 
36 59 60 
76 35 5 
38 99 49 
2 88 45 
50 66 26 
76 71 6 
25 95 11 
18 74 13 
56 71 2 
60 35 46 
70 23 37 
1 51 24 
78 89 35 
66 44 24 
90 94 2 
88 22 53 
13 0 60 
36 70 26 
68 78 17 
9 38 24 
46 60 60 
94 62 11 
78 40 13 
12 58 17 
35 48 43 
28 36 58 
40 2 18 
0 38 20 
85 58 38 
94 19 16 
37 18 48 
56 12 30 
79 90 2 
43 3 20 
99 90 1 
53 19 37 
30 11 51 
59 63 1 
58 1 19 
35 95 31 
2 84 29 
30 93 33 
71 72 24 
5 15 19 
96 66 41 
36 71 32 
65 54 44 
95 13 7 
16 72 60 
46 59 55 
48 62 52 
16 44 57 
1 15 21 
24 20 16 
54 17 34 
74 5 57 
18 70 31 
21 66 25 
39 34 49 
59 80 28 
25 29 22 
28 97 26 
24 98 54 
44 74 54 
31 80 23 
36 7 21 
13 25 31 
43 98 37 
39 37 31 
7 48 24 
87 26 45 
28 54 54 
14 31 25 
67 75 31 
92 59 32 
87 95 51 
87 8 16 
57 4 14 
46 43 43 
68 3 44 
23 90 10 
7 18 36 
41 84 7 
25 51 55 
87 96 14 
78 35 29 
28 22 30 
55 31 46 
80 29 49 
43 98 12 
6 21 22 
47 81 33 
42 22 17 
21 99 21 
75 38 37 
40 17 12 
0 97 26 
69 5 49 
46 85 59 
15 80 9 
38 86 42 
52 85 23 
84 80 57 
0 1 48 
72 28 27 
88 68 24 
91 68 13 
68 90 18 
29 36 36 
67 3 56 
55 42 55 
16 46 40 
11 30 40 
27 82 53 
95 55 21 
1 95 1 
76 39 30 
48 59 52 
78 88 60 
93 7 44 
88 14 58 
74 83 4 
94 93 26 
45 21 28 
98 68 15 
30 69 23 
31 45 54 
52 46 13 
15 76 54 
14 69 1 
69 9 36 
66 84 19 
61 30 33 
86 75 6 
46 25 55 
60 56 24 
74 39 42 
27 91 60 
92 58 36 
45 72 57 
5 42 6 
80 60 42 
90 22 32 
94 8 60 
20 54 57 
66 67 53 
81 93 24 
42 21 7 
53 65 45 
88 10 18 
44 15 12 
62 48 32 
63 38 14 
47 33 43 
6 5 9 
42 71 48 
87 52 2 
22 47 35 
49 0 40 
33 41 10 
42 85 57 
93 47 45 
5 63 36 
90 10 1 
32 68 6 
33 62 29 
52 1 33 
65 24 60 
51 73 33 
50 58 54 
11 1 51 
40 94 39 
16 51 42 
31 42 24 
83 26 52 
88 11 54 
68 64 16 
1 81 20 
32 33 5 
16 35 23 
41 99 24 
52 39 11 
10 55 14 
83 39 48 
66 22 35 
69 63 18 
82 31 54 
49 84 16 
40 17 49 
4 85 4 
79 27 3 
54 79 34 
24 41 22 
50 76 1 
17 94 15 
11 63 18 
21 97 22 
94 47 6 
49 39 15 
89 96 13 
65 75 60 
39 29 19 
53 6 32 
74 56 28 
86 73 22 
20 37 57 
70 58 14 
3 4 13 
20 54 13 
55 95 9 
27 60 24 
78 52 5 
8 5 31 
79 31 47 
78 69 33 
71 89 30 
27 11 48 
80 14 4 
33 35 58 
77 42 46 
65 21 38 
80 99 30 
24 7 47 
27 38 50 
33 16 39 
65 87 21 
86 14 12 
65 46 27 
49 79 2 
38 8 56 
23 73 37 
73 53 56 
22 30 55 
81 57 13 
70 42 1 
81 60 48 
81 46 14 
92 12 40 
18 61 12 
31 99 60 
86 75 6 
14 48 51 
41 22 13 
75 3 42 
99 26 5 
91 7 37 
70 88 3 
63 80 47 
55 51 60 
78 34 40 
9 73 7 
66 87 15 
77 81 17 
69 8 53 
71 8 59 
67 99 6 
23 70 34 
77 85 26 
44 92 17 
75 70 44 
6 32 57 
12 98 16 
66 27 37 
95 97 46 
27 20 46 
85 39 37 
2 62 59 
55 91 5 
92 87 9 
81 63 40 
4 69 4 
0 82 42 
87 0 10 
4 47 39 
29 74 51 
14 11 50 
50 13 4 
9 20 35 
5 13 3 
93 94 18 
4 98 7 
47 50 21 
41 37 14 
62 93 1 
32 22 28 
22 88 39 
51 91 25 
94 0 25 
80 57 58 
54 50 12 
91 7 42 
50 54 24 
42 47 34 
35 61 47 
28 93 42 
95 15 10 
25 18 41 
69 64 13 
34 45 50 
63 99 33 
87 43 60 
8 93 6 
84 35 34 
97 23 15 
55 51 41 
36 98 56 
58 75 27 
18 45 31 
83 31 28 
4 94 28 
76 81 23 
55 42 36 
93 26 3 
26 75 6 
72 30 29 
12 67 39 
20 77 15 
46 47 32 
88 30 3 
76 35 29 
15 63 3 
97 71 25 
24 64 43 
86 42 38 
24 66 48 
64 79 47 
3 51 36 
69 49 4 
80 37 6 
74 65 41 
14 32 57 
36 29 8 
52 5 4 
94 92 18 
11 68 4 
11 32 55 
29 35 46 
77 56 55 
20 36 45 
45 62 42 
58 77 15 
34 65 44 
33 18 30 
48 64 34 
5 28 2 
28 91 14 
83 20 42 
40 97 38 
47 69 27 
91 15 9 
52 73 58 
46 59 56 
22 44 26 
3 92 10 
76 49 38 
69 77 29 
42 12 22 
55 53 51 
25 0 1 
31 43 48 
51 95 53 
1 94 12 
16 15 28 
1 71 60 
50 47 49 
28 16 58 
48 10 31 
89 18 56 
80 43 8 
92 74 51 
19 25 38 
71 26 52 
34 94 60 
41 95 31 
92 98 50 
40 78 58 
69 26 9 
11 68 39 
6 48 22 
53 92 28 
95 11 13 
33 34 12 
64 20 18 
16 61 14 
86 53 52 
56 45 42 
93 14 28 
93 26 16 
11 84 56 
24 90 28 
11 85 31 
76 18 57 
19 35 57 
56 51 58 
41 89 43 
72 97 8 
85 43 55 
73 88 33 
28 0 57 
36 76 59 
35 88 45 
46 16 43 
42 35 30 
11 91 21 
88 85 31 
23 57 40 
2 43 3 
96 68 32 
68 48 44 
77 84 60 
27 20 40 
11 18 48 
66 12 43 
55 23 27 
48 64 12 
30 39 41 
9 41 36 
32 38 16 
95 58 5 
58 87 41 
49 15 33 
29 26 11 
76 44 16 
11 0 51 
89 0 55 
0 30 54 
72 91 56 
40 23 46 
75 18 4 
59 28 24 
32 78 59 
24 59 17 
35 87 2 
62 98 34 
12 39 14 
27 39 16 
32 64 27 
79 4 43 
64 79 33 
60 91 42 
43 23 60 
93 47 51 
69 34 18 
90 96 49 
63 9 48 
88 87 20 
43 72 56 
42 4 20 
64 20 31 
56 80 42 
77 75 25 
28 68 5 
38 37 59 
88 80 8 
88 96 29 
27 36 49 
6 32 1 
53 74 45 
52 38 46 
83 94 58 
56 24 46 
53 52 14 
97 43 24 
27 83 17 
54 71 33 
42 98 9 
22 57 21 
23 10 27 
79 15 25 
56 50 32 
66 6 36 
51 11 20 
56 8 35 
0 88 38 
28 42 1 
0 37 32 
60 59 29 
53 34 31 
71 66 6 
76 22 28 
27 88 35 
54 39 18 
33 96 7 
8 48 27 
17 76 41 
98 28 10 
29 40 42 
69 45 16 
19 17 22 
37 45 37 
4 24 5 
30 78 17 
68 63 25 
66 23 45 
52 41 33 
32 91 13 
54 72 53 
35 93 31 
2 64 40 
84 1 45 
92 58 9 
36 88 19 
24 8 34 
8 26 38 
44 78 51 
56 63 14 
48 69 26 
33 4 39 
63 6 15 
62 42 37 
58 34 47 
78 23 27 
28 47 56 
41 8 2 
78 52 13 
60 9 8 
33 9 57 
30 42 21 
20 57 27 
75 19 30 
83 29 56 
49 59 59 
55 87 47 
22 29 27 
64 59 59 
88 72 40 
75 5 42 
31 88 4 
43 8 2 
61 35 13 
22 70 15 
18 19 14 
36 27 22 
54 49 3 
80 13 2 
11 53 54 
2 28 52 
3 11 12 
99 54 32 
0 16 8 
24 38 18 
78 56 50 
92 45 17 
45 99 18 
27 32 4 
20 43 37 
34 97 6 
57 53 17 
20 52 24 
91 4 60 
50 28 10 
80 7 7 
29 51 24 
57 96 3 
34 23 15 
77 43 50 
74 29 20 
51 38 33 
87 58 25 
30 50 49 
41 0 57 
91 80 56 
49 61 7 
52 18 35 
6 5 38 
93 82 54 
22 8 23 
53 59 42 
85 99 52 
69 29 42 
9 23 55 
78 66 47 
5 15 1 
84 19 59 
58 77 36 
56 70 11 
49 45 19 
23 98 59 
36 84 18 
8 5 39 
81 67 2 
7 97 20 
14 2 55 
34 86 46 
24 45 4 
72 53 54 
2 54 51 
40 77 30 
90 14 6 
87 74 3 
18 7 2 
71 15 59 
91 81 42 
77 67 60 
35 43 45 
18 15 18 
23 17 24 
26 10 42 
75 0 28 
12 40 34 
6 10 41 
68 81 36 
26 24 57 
39 2 36 
39 89 40 
83 7 35 
33 82 25 
36 60 35 
69 87 47 
68 99 27 
41 6 57 
22 26 11 
69 52 35 
98 44 49 
93 83 38 
32 18 57 
39 3 32 
63 92 12 
49 61 20 
35 30 51 
14 23 49 
2 45 15 
24 67 60 
19 65 44 
19 10 19 
9 95 37 
57 34 41 
40 49 53 
32 50 46 
63 85 48 
45 51 32 
34 54 29 
0 78 16 
71 49 33 
86 21 4 
84 30 19 
53 39 45 
73 80 54 
37 64 4 
14 27 1 
22 24 5 
5 58 11 
33 59 21 
81 82 11 
45 69 4 
20 53 46 
38 6 5 
94 31 25 
99 20 41 
2 35 20 
95 9 5 
39 14 43 
41 99 14 
21 32 37 
51 78 18 
6 98 51 
91 89 30 
16 83 53 
72 35 46 
93 89 1 
92 84 2 
16 75 36 
51 16 47 
44 38 60 
72 41 30 
69 48 20 
72 91 41 
33 7 17 
25 80 52 
90 25 21 
42 17 38 
3 86 53 
30 37 2 
9 33 32 
68 6 25 
9 27 53 
0 99 25 
81 32 4 
97 10 16 
48 52 41 
40 47 31 
17 2 57 
70 85 26 
43 94 19 
54 14 57 
58 23 45 
63 23 16 
59 56 9 
14 53 51 
50 53 23 
62 94 22 
92 63 5 
60 85 50 
65 28 24 
56 34 38 
52 45 53 
28 8 28 
4 19 5 
64 85 50 
34 35 36 
8 50 42 
30 94 45 
6 55 31 
15 72 51 
70 80 26 
39 33 31 
31 13 51 
50 17 42 
26 33 7 
8 67 15 
43 28 45 
76 10 59 
72 16 46 
2 83 39 
65 53 31 
10 92 36 
52 75 30 
54 25 19 
75 4 13 
33 12 52 
27 7 32 
71 83 42 
62 55 10 
7 10 53 
77 75 58 
80 37 10 
15 89 57 
64 43 55 
35 70 59 
87 3 51 
58 31 50 
10 54 53 
23 68 20 
53 28 42 
17 57 49 
35 37 6 
96 53 47 
33 69 42 
47 4 32 
65 91 8 
47 2 51 
36 64 17 
60 39 26 
91 44 46 
33 62 3 
53 49 41 
59 45 14 
5 78 55 
99 77 20 
62 42 23 
29 41 5 
79 29 41 
36 41 1 
13 85 5 
18 70 47 
80 23 56 
32 82 34 
37 40 44 
12 39 22 
91 1 16 
13 83 10 
90 62 59 
30 50 21 
10 63 18 
87 33 48 
73 66 31 
61 98 34 
46 36 26 
9 48 57 
2 91 38 
38 56 13 
67 98 56 
77 81 38 
29 43 54 
66 30 27 
73 56 13 
4 69 52 
17 15 20 
74 76 40 
70 79 3 
19 17 59 
52 36 10 
99 13 31 
96 43 54 
9 61 25 
8 35 33 
20 39 22 
83 8 17 
34 82 45 
33 4 24 
75 23 13 
26 75 29 
75 26 55 
57 23 50 
30 84 31 
86 92 38 
98 65 57 
31 0 37 
79 35 11 
4 20 35 
7 96 19 
32 74 26 
92 49 53 
18 6 16 
87 88 12 
70 27 17 
87 77 42 
96 9 54 
12 88 21 
63 44 42 
69 4 58 
47 36 52 
53 28 33 
85 47 31 
92 86 31 
83 8 58 
71 96 8 
72 44 37 
78 8 17 
18 23 54 
79 93 58 
88 40 34 
71 45 54 
55 82 53 
45 74 20 
76 10 28 
85 81 56 
72 6 40 
20 36 1 
9 54 24 
42 86 9 
79 26 42 
4 98 27 
57 53 10 
10 51 56 
1 79 6 
48 16 40 
44 89 18 
35 61 54 
87 70 48 
11 64 26 
79 43 53 
92 47 51 
99 57 36 
88 67 39 
55 68 30 
33 68 7 
92 64 28 
9 52 9 
62 39 12 
21 50 36 
67 82 12 
39 74 39 
61 25 28 
88 65 55 
19 21 55 
28 54 56 
54 98 60 
21 7 32 
2 21 32 
5 94 14
